filename,mean_R,mean_G,mean_B,contrast_R,dissimilarity_R,homogeneity_R,energy_R,correlation_R,asm_R,entropy_R,contrast_G,dissimilarity_G,homogeneity_G,energy_G,correlation_G,asm_G,entropy_G,contrast_B,dissimilarity_B,homogeneity_B,energy_B,correlation_B,asm_B,entropy_B
im_1.png,34.34670625,39.2545875,42.05396875,0.2685441870654079,0.25658923703368697,0.8729006547910025,0.4754629701179828,0.8104092115637492,0.2263407160741884,10.863854807017926,0.3107620712181455,0.2906341276122637,0.8566948443273895,0.4286681610443853,0.8139852155509794,0.18410296100527765,11.589228346849914,0.3537295031124176,0.32281825726597185,0.8416769002845829,0.393351167841156,0.832044672742569,0.15506382190592224,12.636841626652384
im_2.png,36.14239375,41.2233625,43.19175625,0.30545064493941615,0.2895360307096061,0.856820566245889,0.4406166645374017,0.8224710847354146,0.19448557316430934,11.700734857640978,0.3608439881030897,0.3346384052235853,0.8352960394222325,0.39229105468232456,0.8281175239462678,0.15430429557520992,12.589780137345452,0.40622423854121514,0.3688900902004385,0.8192635614726039,0.3592222900141443,0.8458803093413811,0.12942850757542315,13.723540734199808
im_3.png,36.7854875,40.19530625,42.582125,0.30545374243880374,0.2913300167712514,0.8557460345634098,0.4254152047686845,0.8474591560003298,0.181291555154638,12.198017148526503,0.35128605112405076,0.32693662806766294,0.8389664065764812,0.3984780019263067,0.8446073742234792,0.1591263401945841,12.752100844808933,0.41603799991834234,0.3721144221769963,0.8183245119608322,0.3611658787423528,0.8537297968211051,0.1307775846504877,13.96624129567892
im_4.png,36.29950625,39.4020125,42.6328,0.29039755167995174,0.2849204504054622,0.8580874849247178,0.4141846417334621,0.8626459316466377,0.1719003754159394,12.369535611499154,0.32922409014390625,0.3182259101701623,0.8419866412169672,0.39181590161222907,0.8586370669319953,0.15390324188467544,12.887081997549764,0.365019413351675,0.3468026857557428,0.8284198864910692,0.3572184340730259,0.8724764751187748,0.1279625123212439,13.826078036376419
im_1.png,31.655275,36.51214375,37.7093625,0.27276617687702975,0.26270252306832254,0.8696528277604814,0.4184644797707086,0.862342537816915,0.17533968089274188,12.04310231152929,0.2839128954906063,0.2683905369627076,0.8673547509724113,0.4463137054241878,0.8583875837444193,0.1993686829479398,11.801085875053282,0.3375131241323861,0.3146616973197405,0.8449489744420392,0.37740225041496905,0.8781886209617561,0.14268200334269285,13.436506544193707
im_2.png,34.3668,40.66643125,43.40650625,0.30035768462509654,0.2921944193189741,0.8547188951757989,0.4217689650613273,0.8538490014638758,0.17809595073630555,12.25860155867432,0.3166626348138516,0.30032069129590894,0.8514734053131872,0.4150954488419419,0.8631764020617078,0.1724683400861367,12.158595910962063,0.3575366164471329,0.3324716278478151,0.8362693547640663,0.3812276500589327,0.8747509515023191,0.14550808832674522,13.20063159030564
im_3.png,33.39603125,36.8190625,38.5457,0.311670737778029,0.29906234492873784,0.8517292234299076,0.39340049955896733,0.8751121782895805,0.1549899487904251,12.920693010978066,0.3504076293490619,0.32777518671365136,0.8383754292113893,0.4048034644573781,0.8671944542072212,0.16405018471296878,13.140089072143937,0.4089223528746679,0.3718987082367573,0.8177523452594333,0.349980035712344,0.8813681550534644,0.12271175980460047,14.431190665360598
im_4.png,35.2523375,38.38016875,41.23836875,0.2731593747840779,0.26873196069748295,0.8660767610599178,0.3765261442309775,0.8994184248261743,0.14195662446398583,12.926080486597769,0.31769739982789047,0.30764644223340304,0.847181874642747,0.36787659135117706,0.8906489379092113,0.13551606290890045,13.447414671811263,0.3544154127486636,0.3364196558124636,0.833589526092062,0.33864221184015825,0.901217970006064,0.11486341828412451,14.335699766652981
im_1.png,30.680875,35.393525,37.8119125,0.2829268621114189,0.2712641212994893,0.8655342134314481,0.4762551862725537,0.7992680621783729,0.22722330989286785,11.092377742370463,0.316547261794838,0.29639190787118175,0.8538193597614483,0.44878587554704347,0.8015383145140749,0.20185459906881098,11.538175789322079,0.3686295508508113,0.3353493500354898,0.8356502424376953,0.40719591929639265,0.8194892225546371,0.16628717955428726,12.657644009654327
im_2.png,38.28765625,43.4403,46.43935625,0.36398911596032707,0.32632605165796696,0.8405591313839267,0.41642453706383353,0.7984480993396954,0.17383163828342557,12.23913963403856,0.4295278610058983,0.37544697426523704,0.8176195293374117,0.3724631807898242,0.8026817235632806,0.13918343888113083,13.16617446226618,0.48163161270971916,0.40521624000477385,0.804846928989392,0.3450227560845657,0.8163187349912532,0.11952222151860506,14.080559497657378
im_3.png,34.75786875,38.09255,41.2172625,0.32829970053580065,0.3087469339074503,0.8475815880137837,0.43015955084018237,0.8454883153187315,0.18539570087679547,12.417143800064952,0.3756088725887401,0.34261401074741993,0.8319904866609616,0.4103923293262779,0.8425167607290303,0.16879509845308915,12.889022541015326,0.4441736350588251,0.38801747083875116,0.8115922005086574,0.37354238171795945,0.8486863383304329,0.1399243566762843,13.930686402680307
im_4.png,37.4007375,40.4902375,43.616525,0.3125875151537993,0.30153617910691516,0.8503368223559046,0.39574301540523826,0.8594626236821546,0.1569614381956315,12.77148789513189,0.3514225884259521,0.3319501683406513,0.8359719361428785,0.3779681909946106,0.8548320531791606,0.14321795778328458,13.223531369077268,0.3926064809580341,0.36233810167649694,0.8218515249217095,0.3463038306971867,0.8685680194948225,0.12031214603426893,14.1616654105814
im_1.png,61.07421875,68.146625,73.476625,0.381216759787941,0.3405428318603526,0.8337450738676749,0.36578018447838656,0.854374181286233,0.13416300384558247,13.769108648383263,0.4413055704738035,0.3856229271486987,0.8127021591625212,0.3375520362696629,0.8523814234253106,0.11434431653481941,14.491903581797564,0.5028530913750542,0.41699678393979933,0.799914523472614,0.31799369801256644,0.8620653901093137,0.10147944684491265,15.355370587899264
im_2.png,69.153875,76.12664375,82.7307875,0.6334641702941565,0.4470196206368051,0.7935613502752475,0.32501700810818923,0.8413180296240832,0.10600166926420104,15.4964097894202,0.7198597409878081,0.5015404072524672,0.7692786401966705,0.2991515482481253,0.84303511308944,0.08985552496211571,16.335078407534127,0.814470256939341,0.5325373545078236,0.759058091308799,0.2886421310646743,0.8456810156329734,0.08364686931384735,16.942754452753082
im_3.png,64.85520625,69.9866375,77.38830625,0.4170560721980391,0.3706548011633093,0.8192368272647932,0.3283079013843648,0.8841667917346977,0.10814274256191966,14.911072197160353,0.4775042634782445,0.41537808336631044,0.7984495436252491,0.3059343637778615,0.8810817458274329,0.09396967913411751,15.569830474584858,0.5493879670981965,0.45065991262617683,0.7843598510957185,0.2940916901810644,0.8843883853432579,0.08682021797604947,16.29424659454774
im_4.png,68.3181875,73.27983125,80.395575,0.4495121693645141,0.3954157990527699,0.8075876377094592,0.2952336726882244,0.9049890448917768,0.08748689974379059,15.945944413110189,0.512361593991244,0.4403779302579758,0.7868786475365062,0.27777106031481524,0.902435017356275,0.07747165696680203,16.567775450833118,0.5710129686685388,0.4692062275048525,0.7752655246396727,0.26108915394350857,0.909163497078474,0.06844061677768824,17.352341801196797
im_1.png,52.58965,60.57753125,65.8838375,0.4061270697106175,0.3730568157549262,0.8167641842069302,0.3398928479813224,0.8506052318998059,0.115825551697147,14.079512467779495,0.454115175155935,0.4030614521893706,0.8035550886735332,0.343690156849518,0.83927727832941,0.11835516404459828,14.261628563825168,0.4991604206317802,0.42600777868857614,0.7942544937404035,0.3202687957994369,0.8496275341342658,0.10284648801359408,14.942957902051035
im_2.png,59.5416375,67.6735125,73.53505,0.4811929259238321,0.41929423339049376,0.796480653461793,0.3353144411170427,0.8278626553382777,0.11265344172218977,14.550271363636966,0.566183951419903,0.47189813506196576,0.7734049961623433,0.3084334879108396,0.8262789428261184,0.0953386302403352,15.246626946907426,0.6347985369124566,0.5012231667828718,0.7625475090395043,0.2974397004186652,0.8321403276522094,0.08866143774929269,15.98981523206595
im_3.png,57.721,62.9288,69.5090875,0.5294878683236917,0.4418420620787558,0.7876912413907446,0.3172041831533093,0.8576741015205409,0.10089001440231535,15.435160318568126,0.59523533928807,0.4760164037914335,0.7737415569619328,0.3183311444214242,0.8534003896960074,0.10154050756233118,15.675145911086567,0.6767480260802383,0.5072760221355395,0.7629376080797845,0.2948647019134403,0.8553340597225945,0.08717851839557922,16.3388319356641
im_4.png,63.453425,68.491125,75.48329375,0.4697848474569883,0.41380061997098005,0.7986407485282055,0.3074553585608643,0.887840590806649,0.09472011777191727,15.612369491432808,0.5454946459193097,0.4596467869234486,0.778690327809731,0.2942485636250468,0.8823141332460263,0.08675345557958644,16.06198582061275,0.6076347117794487,0.4896488715523144,0.7668263158988644,0.2721714313424854,0.8881743959748811,0.07424536718130643,16.85162052728249
im_1.png,66.05320625,95.06549375,95.8452625,0.22037257539211436,0.2191072017449639,0.890572936492233,0.4393373065020925,0.874486663039592,0.1932641347559865,11.404896178350667,0.23463599082292194,0.2329403906068429,0.88369914302286,0.4025357738172795,0.8992024185760403,0.1622844372557914,12.342951938887131,0.26202148934365993,0.2584419970666014,0.8711367289990791,0.37507855970792175,0.9041028251928536,0.14096018174974057,13.131633841487734
im_2.png,75.4399125,106.9975625,107.32488125,0.2560272116695247,0.2520056288905221,0.8743993438326394,0.4336551524121771,0.8614461294404244,0.18845869821225864,11.818324990397787,0.2959316406618049,0.2877630676000779,0.8569353235061337,0.37669649479119827,0.8900419815506329,0.1423793254430988,13.330175423837494,0.3308725172894643,0.31780380226883004,0.8424049703676485,0.3550395366740643,0.8927499884844313,0.1265868480108428,13.99275578125323
im_3.png,68.8496125,96.877625,97.8758375,0.22233597778908426,0.2215854485838657,0.8892823286285889,0.39009044635705903,0.9138069263622868,0.15241964116632578,12.566676749459528,0.2407861288559745,0.23925356153541746,0.880526475964347,0.3560100269075175,0.9321604740197302,0.12698738465796425,13.629489798385666,0.27449290912117386,0.2705740267020935,0.8651048748908613,0.3325702021879756,0.9329035317519777,0.11087614451671725,14.39894033522314
im_4.png,76.1230375,104.58435,106.0995375,0.23836855217617978,0.2375992102750611,0.8812773290525814,0.3492760631560949,0.9362010857637664,0.12226068865319623,13.751119248639117,0.2769168770924806,0.27476898700385044,0.8628302955069376,0.31332573282413156,0.9463858208566545,0.09851441984386614,15.012780605906473,0.31470815588469914,0.30910038646114024,0.8460105837117857,0.2903620502942682,0.9478485616057165,0.08471329064145222,15.84746742745146
im_1.png,64.67509375,92.93264375,93.02611875,0.29035206280111314,0.2832569911621159,0.859081011582842,0.4056818676674746,0.8502085138502253,0.16500625802119384,12.331958006606976,0.32171220265576217,0.30953533975917236,0.846450016410073,0.37805391162077084,0.8646197109363958,0.14344105661844736,13.190048304928037,0.34822880352510355,0.33162909623683273,0.835845422610411,0.3583910947012644,0.869743675593979,0.12890585670808014,13.78097868274877
im_2.png,72.2093875,99.57870625,100.7176875,0.2693681533093385,0.26706656600775114,0.8666968757262832,0.4600561944228405,0.7902393613196641,0.21207121598795586,10.898998674473859,0.29847621089063514,0.29262064936778037,0.8542752314683955,0.4241474484793006,0.8205403489163458,0.18033824851036737,11.937728605556966,0.32708882167825576,0.3165185834259835,0.8427977321122355,0.398705621540281,0.8309971907592,0.15937164528053183,12.618185207961696
im_3.png,68.371925,95.58254375,96.4381875,0.2970552477685441,0.29036477471875166,0.8554866599456032,0.3688181278452723,0.8877058325485343,0.13635227788132756,13.292791621211226,0.32904017170118277,0.3163884766741414,0.8430709311656334,0.34372297441227906,0.9026587431146357,0.11852618307310146,14.208417158773777,0.36462331816383053,0.34552732473414105,0.8291459369758984,0.3245701356261194,0.9034186486928493,0.10569476474639215,14.829767307381276
im_4.png,71.72364375,98.9466125,100.84359375,0.2830332841816321,0.277689732633589,0.86168948883801,0.3788898177825614,0.8839392694832258,0.14389092576796675,12.999352294714301,0.31640727759247744,0.3059121880515826,0.8480934149282984,0.3420178526350066,0.9040961297559236,0.11729908194787012,14.151377919566201,0.34949648557483937,0.3320023429501071,0.8357477993967674,0.32238091348293296,0.9075282914403074,0.10426409194700362,14.841426461591478
im_1.png,56.0329125,61.2539375,65.0248375,0.5090476936388589,0.40505325421950855,0.8076123932543147,0.3054902691766005,0.9018791199536941,0.09360081658206212,15.840719626442713,0.5642315021576498,0.43448355773519,0.7954091034469262,0.29296526836508563,0.9004114410527484,0.08611642856564033,16.498547845746067,0.699844865924209,0.49251346568174814,0.7736126394832618,0.273203111828196,0.8986877832975656,0.07491994858644747,17.4736968985542
im_2.png,61.63925,66.8727375,71.08721875,0.7893210980144598,0.5028253944698842,0.7752242878688771,0.28926605275790085,0.9181417550066748,0.08392216287053965,17.639063922838567,0.8519816693990618,0.5231105646321318,0.7689710591178214,0.29084218374270737,0.9186063218228679,0.08484235487131477,18.043704981308835,1.0135418708111137,0.5743465768117035,0.7525199001145723,0.27399042828524933,0.9152566986240079,0.07531245790706409,18.799972733025097
im_3.png,58.73661875,62.562075,66.6745375,0.6178624427610381,0.45663488294671506,0.7871634776596528,0.29040219003874107,0.9123687700617297,0.08459029956853348,16.874958494284524,0.6587906247448194,0.47224961683657773,0.7818017921625299,0.2902173648056382,0.9107747672856151,0.08447990326913987,17.20364977683642,0.8456390113755572,0.5404440691327316,0.758431292950162,0.27026717797877264,0.9070247404689405,0.07329442392359345,18.228071414994183
im_4.png,61.03158125,64.20746875,67.84313125,0.802554714637471,0.5044222986978729,0.7754063071112169,0.311897257244382,0.9358614577560479,0.09743190877257187,17.92364932080317,0.8486350588250069,0.52237725422579,0.7691419770518617,0.2960375099304847,0.9353667803577276,0.08781215851545306,18.1643188404686,1.0071442429695798,0.5727586627910634,0.7530974501986836,0.27691982605144866,0.9341692594898006,0.07684577468437825,19.024629944801788
im_1.png,56.15533125,61.78905,65.0774875,0.5906669006476094,0.4161416699643848,0.8084404541075961,0.3320941401186188,0.9318619068540684,0.11047873239924855,16.435757523443126,0.6503615241110299,0.44641750836992233,0.796100701557762,0.298810140820587,0.9315655868273174,0.08951283156450332,17.24700367313705,0.7952689328270548,0.5019371305770693,0.7762284951281959,0.27896238516737876,0.9296955001916835,0.0780629515141342,18.12173744749933
im_2.png,63.385575,68.82550625,73.8513125,0.5114422098479282,0.42729156066858887,0.7946059765297265,0.2775083705877213,0.91254238202362,0.07729293031924983,16.634105594801774,0.5610073350669907,0.4517460081909035,0.7848228605547183,0.2770964273954791,0.9130845622639684,0.07703848568092722,17.06931862745917,0.6648546766351972,0.5000803975791608,0.7658625635686,0.25560202396682175,0.9153351898879319,0.06557935424791388,18.042999190509086
im_3.png,59.79035,63.850575,67.5830125,0.7406735314162597,0.4698530984415925,0.7897504041701051,0.31502936607879384,0.9342974954712561,0.09946251234075232,17.29318275873255,0.7853351148862129,0.4903434219948367,0.7817969174029524,0.29500966210671997,0.9337777301030735,0.08727548467665434,17.832983809257474,0.9676018445235903,0.5534981093083586,0.7603900919742818,0.27431529639246865,0.9312231025889269,0.07551742267701159,18.742455564809305
im_4.png,62.6908875,65.34460625,69.58990625,0.5517781844963288,0.43876505172706215,0.7914979357903421,0.2738360171821804,0.9213342412089309,0.07523291523658814,16.992364333807295,0.5981144787093042,0.4643746231179452,0.7806879431214454,0.26350875089476544,0.9207294844511378,0.06967372597315613,17.452802129881402,0.7293228764266557,0.5186586846188151,0.7606950461009595,0.24562250209329067,0.9221256127713469,0.06056075172401495,18.47558829597323
im_1.png,63.07655625,98.0181,127.8023375,0.39185962635284965,0.3434921773418509,0.8329939222000926,0.3591018987961985,0.8516139659186123,0.12921659378964145,13.857006655446467,0.44691428210249945,0.38213377664085013,0.8153166798021821,0.32591527825645983,0.8715384753999211,0.10648199294024882,15.097711772188228,0.5403413334401168,0.4374599209489891,0.7913795002417571,0.2840942287940884,0.883968922309827,0.08094730726499387,16.568716405561215
im_2.png,72.67008125,108.41395,140.6982875,0.42256836483439186,0.3705447987135758,0.8198860032998136,0.36633118399719855,0.8100635382392258,0.1346724471830062,13.720074826163156,0.5282463717250522,0.4407217330607221,0.7883137671830424,0.3036887437356975,0.8519309547996599,0.0928224590993536,15.74498215221584,0.6822888950132223,0.5140878551328193,0.7594623326902783,0.2598465239389108,0.8672853647090464,0.06808590310269014,17.448575694118375
im_3.png,70.6498125,105.3550875,134.55646875,0.4439579800064072,0.3718777088397687,0.8211056759126217,0.3265497398176759,0.8799231039225947,0.10686696395800518,15.053090442944967,0.5115891310356091,0.41508333019264954,0.801908502783997,0.29143946857433795,0.9015034442306233,0.08515623128551901,16.492995902154895,0.5822223714047021,0.45584924089672785,0.7843890439307972,0.26054819143682234,0.9067189948844299,0.06808818431872249,17.543247356074545
im_4.png,76.94654375,112.88325625,141.3638625,0.5497931349363383,0.44106216748010374,0.7899849872852569,0.30423195070422177,0.8473963535288763,0.09306108556569441,15.776771286198334,0.6801423868254598,0.5197094514167626,0.7557804913188451,0.24987780650498717,0.8839431205460101,0.06298600839034538,17.848909808785617,0.8358427004227367,0.5817402450361493,0.7336785216589887,0.22167499531198656,0.895450654313265,0.049626509910101584,19.18420546938706
im_1.png,66.26334375,100.30335625,130.1619625,0.37498699756911097,0.3390653953178687,0.8340077972550797,0.3763642302503742,0.8289638489360893,0.142072795479592,13.365098785761287,0.45591412742382265,0.399404447836383,0.8059091277459838,0.3157723337497784,0.8674298829504893,0.10023329351865345,15.30258888512273,0.5736411085671571,0.46678830927569537,0.7771590721002934,0.26995125096459316,0.8857036741584732,0.07331201033969156,17.005504143890924
im_2.png,75.70564375,113.0304375,142.8222375,0.3925887203912037,0.35287831499174,0.82751679932041,0.35988299767694043,0.8512037510187017,0.12981869226840642,13.979464896378545,0.47038488687256985,0.40633320849115273,0.8032119771429419,0.3112756871665648,0.8818219301366739,0.0971908114115278,15.670444242044884,0.5256867536950145,0.43962634892368757,0.7887334904858314,0.28098947116982803,0.8896745939570248,0.0792265539324864,16.635546458539682
im_3.png,73.9583375,110.2438125,139.19381875,0.4383449185306626,0.3817697478344986,0.814711784096897,0.3410602569998431,0.8439110126709596,0.1167370246927599,14.52208663384586,0.5352206055552415,0.44733962490813495,0.7850227702527903,0.28406934727943783,0.8821404086452285,0.08115177345500574,16.510233856821056,0.6364233539676261,0.4993373589047809,0.7638143290872653,0.25164599749199085,0.8931680129870532,0.06370245959352494,17.771766284234662
im_4.png,76.69496875,114.75189375,144.59735,0.3924912453439361,0.35078268980722466,0.8287354090436476,0.3019078124219778,0.9151092865022664,0.0913834282716293,15.577778911026428,0.47232818104157637,0.4056362711289502,0.8037924991710259,0.26052876341213893,0.9327969529608662,0.06810046815657628,17.336933024676476,0.5184739024880498,0.43156931332089615,0.7927928890137305,0.23750298945322668,0.9414154626264808,0.056610725897650906,18.2737051143297
im_1.png,198.58174375,201.508475,156.30431875,0.2937475149339514,0.28342098589204845,0.8593203875040323,0.3165598535317078,0.949018102193262,0.10040871300665771,15.245319277806184,0.3487070747043047,0.33079378427271183,0.836391556530276,0.2956470410401717,0.9454549868388951,0.08765408788749833,15.957872503703753,0.5051121734474031,0.4378057730479081,0.7877996390526523,0.25076386692160324,0.9313267078010565,0.06311306033544134,17.600782238556853
im_2.png,217.35563125,220.81016875,173.4837,0.2034445842048731,0.20256878097499387,0.8988031898354909,0.3676845161239127,0.9565410205657091,0.13532231180381696,13.199669900890754,0.21717605809636875,0.21576014362346974,0.8922615196355553,0.38465583457970565,0.953882933773338,0.1480843654881368,13.141571043552554,0.44781503021337815,0.4049434951727691,0.8018134112139779,0.24629209200424737,0.9541872034563541,0.060854891042616564,17.818362067090824
im_3.png,216.3857875,220.36969375,184.15109375,0.23634478191091765,0.23178980895220508,0.8845605928197688,0.36040245891895006,0.9620446437885423,0.12999945277213207,14.039699372242277,0.2535172125175093,0.24514502107398822,0.878264708607358,0.39391599766796526,0.9583604493003469,0.15526495691919795,13.691437816837826,0.4886600547421185,0.4317837395807815,0.7897913294819313,0.23750907049439265,0.950746777139071,0.05661027433192836,18.049879572179393
im_4.png,214.26111875,217.348325,178.8842375,0.19881800758161067,0.19718546444431884,0.9015705220915698,0.37732656818599136,0.9734981150259987,0.14244218533099542,13.825679529474433,0.2215104137222756,0.2179533145206375,0.8913790526598453,0.39692298834533646,0.9703802686427476,0.15761621909970347,13.78165241661,0.3782665545442554,0.35803541592075433,0.8230054059019729,0.23334631606640405,0.9735931968551521,0.05460938870083426,18.046804811361383
im_1.png,207.63859375,210.15186875,162.27296875,0.22510524823964678,0.22256847868417912,0.8889692159181309,0.37192778129203696,0.9524559011803264,0.13848138005511582,13.718574662616865,0.26418858863951866,0.25911817450895414,0.8709477324632533,0.3450432128412407,0.9506929624674507,0.11924900322372715,14.541827695439666,0.42333832309470426,0.3828130358791717,0.8126440160782689,0.2773595497794303,0.9357947291076479,0.07718577322534477,16.61239442020916
im_2.png,222.50423125,225.60495625,181.16550625,0.13385617866721944,0.13382791251311238,0.9330888703588547,0.4532279868952477,0.9732459790376637,0.20545597026347961,11.534355402175443,0.13931844021080272,0.13925877507050838,0.9303765789787753,0.47844246274317775,0.9719468432560576,0.22894342076345833,11.385929251359716,0.3772222104446581,0.3536987244112788,0.8255029863976986,0.25300784474884663,0.969420063157992,0.0641904705642848,17.35005859710111
im_3.png,212.0746625,215.4549125,175.61504375,0.18864936463966936,0.1871423546334508,0.9065795236838965,0.34672083097370765,0.9739462014848133,0.12029831582306408,14.169254592546457,0.20781873622024988,0.20488942830132978,0.8978482166412272,0.3648513587985752,0.9713278473154809,0.1331950523384215,14.038360707660447,0.4107813864234521,0.37618511347290523,0.8153650156134616,0.2303071994838122,0.9650028641959008,0.053231556742065304,18.20602447029208
im_4.png,214.4530125,217.1099875,178.814675,0.14166410308352334,0.14105178752017886,0.9295353377962451,0.4115875170289359,0.9841200942835073,0.16943270634070012,13.234255792228232,0.1539526761766572,0.1526652392258843,0.9237961240821353,0.43138437172514627,0.9828512210211161,0.18612041668156457,13.114909065730751,0.3148870924177612,0.30291412271279705,0.8497402356140982,0.23584879432285677,0.9818087480600302,0.05575629380531531,18.049546894434247
im_1.png,183.73031875,120.6838625,122.0728125,0.16741746283000739,0.16684295324778114,0.916635974334332,0.3365008754884799,0.978604046204536,0.11328644080114304,14.375929174016349,0.2010895542427497,0.1959756887519551,0.9025235421731019,0.33078648341497324,0.9673263870505658,0.10951964420515051,14.498386642085135,0.23975263189301577,0.23085699838568863,0.8854608424625623,0.3101375345721803,0.9641130308422433,0.09632755311826777,15.271523179855874
im_2.png,194.457575,125.27375,126.26328125,0.15918497292730577,0.15852565703104882,0.9208031030741015,0.3385851425462403,0.9765123647362469,0.11468649546345731,14.12402168700479,0.19920479849372807,0.19331228682608778,0.9039331077537203,0.3377703823606957,0.9690338888241253,0.11415927829139536,14.53599246429475,0.22926469918530662,0.22297412940245354,0.8891419922770587,0.32607729702637045,0.9654749218436466,0.10643769419979345,14.976848066856258
im_3.png,182.50335625,122.34894375,125.85844375,0.15632844250350186,0.1563001763493948,0.9218527384407134,0.2983954279191649,0.9862089958316465,0.08907786401579054,15.525899136709327,0.1776717011827815,0.17740475876407813,0.9113243148598315,0.2981943001307411,0.9812905848676549,0.08900654723865922,15.547180248202764,0.21793417205293936,0.21720569829963382,0.8914699982255139,0.279745995876462,0.9788246151406508,0.07837535218107797,16.275685308152926
im_4.png,189.6845625,124.50529375,126.68708125,0.14770025392428443,0.1476908318729154,0.9261555262686793,0.2893397723196378,0.988727184212632,0.08374890845836619,15.760061990410632,0.16511802297096123,0.16505207646308756,0.9174805564192436,0.2936634697219658,0.9843849179016531,0.08629860008836812,15.74881230696223,0.20641389658356424,0.2059555137844612,0.89706808138768,0.27488985615910644,0.9817326767043743,0.07565928203797102,16.526974135223686
im_1.png,184.1821625,120.316775,120.90208125,0.1909599146676214,0.18953796223013675,0.9053732141286801,0.36192221302346256,0.9605736884040694,0.13106829533347109,13.562187107565503,0.25699057716345997,0.24778370974428554,0.8770286101744486,0.3477210057308687,0.9381408457202661,0.12108789660569613,14.058792659895161,0.3041685864096332,0.2869586128541906,0.8582371984431957,0.3253634449405977,0.9344549888747233,0.10608412405807859,14.851883650438891
im_2.png,189.34171875,120.12791875,121.14635625,0.1889756267234502,0.1874123749222681,0.9064501377189844,0.3472113139729787,0.9611072777224358,0.12062551960839585,13.818961280360389,0.24204443989045293,0.2333902935597138,0.8841702678532172,0.3575602625361078,0.9502225402935479,0.1280030430447382,14.05204848719292,0.2762923207140659,0.2676289878832419,0.8670518393414615,0.34297884127141687,0.9464218866494272,0.11783232918395475,14.52529586892706
im_3.png,184.98995625,124.16134375,126.61231875,0.1878772981953631,0.18763239552515376,0.906208292504444,0.3030933542270045,0.9783899429816969,0.09193349387002706,15.286475110469352,0.2446385112216632,0.24229314278804787,0.8790879654493376,0.2961014375567781,0.9669861805890039,0.08783724072100799,15.618138874440845,0.30356985822953375,0.2952980037813833,0.8531781835541233,0.2746487457950518,0.9629105501644946,0.07561676368689443,16.528652948703964
im_4.png,190.597425,123.56721875,125.32010625,0.15789348842029888,0.1578526673827426,0.9210777484123845,0.33498550972426056,0.9840012454735897,0.11225205353111388,14.56812495941843,0.2083816880861301,0.20791380471856327,0.8960898859774751,0.30547970770863353,0.9723144848407868,0.09343273548568527,15.168814888423455,0.2579138518288202,0.255841581554136,0.8722864362504006,0.2838014624542211,0.9684387570394948,0.0806957447556136,16.019953566983965
im_1.png,178.2281375,113.6102375,115.39361875,0.16915698158303027,0.16733329643029884,0.9165145526905273,0.3303600138448358,0.9747881645225551,0.1091890259256184,14.445867900461693,0.20350766091293396,0.1958956248704468,0.9028113378866003,0.3396772114747064,0.9614874152316386,0.1154778825568943,14.322741116691299,0.25003678525888673,0.2393802410160742,0.8813719287665354,0.31783074062252936,0.9575717811217226,0.10116784566228064,15.166085082105973
im_2.png,188.58594375,126.91569375,129.509675,0.15637185067932993,0.1561834803173347,0.9219270968775323,0.30677424748128196,0.9847539870966198,0.09415118219227592,14.909608606911922,0.1950593746270439,0.19339243315054555,0.9034704775723774,0.322603184874408,0.9824914938910783,0.10413543910926176,15.37153708097619,0.22711854039861554,0.2246887032744769,0.8878986320751754,0.3097001488290668,0.9812594797259175,0.09601133022125277,15.852223691060606
im_3.png,179.21755,117.36375625,120.88109375,0.15945690903323473,0.1593878375449903,0.9203129883763294,0.3071424547799207,0.9844154379916902,0.09437701812181885,15.198552731247402,0.1891098359934925,0.18849122335914972,0.9058162495838593,0.3181669312268058,0.97795849975884,0.10132397677031307,15.013062168653853,0.24311706977343112,0.24116716839090213,0.8796114059428022,0.29369976435652656,0.9739724821807736,0.08642630134214743,15.919251158275749
im_4.png,187.41700625,128.98404375,130.85568125,0.15691811766257752,0.1568710309608608,0.9215691931897413,0.29303829844420215,0.992927047527772,0.08590591367997309,16.035914905813986,0.1764203467628972,0.175732678343729,0.9122024276700524,0.2782783806290547,0.9901785980162453,0.07749928551261158,16.271505402385678,0.22150003376235078,0.21953464095702924,0.8904292188020178,0.2602047860090243,0.9882724842366974,0.06778771477925866,17.093729406166453
im_1.png,75.80040625,89.4818125,103.5960375,0.19471554434331442,0.19350089273936721,0.9033710187907109,0.45813568718443143,0.88370109449846,0.21015234844943792,10.961778987851204,0.19691359507792044,0.19570502069710624,0.9022683470895282,0.4461817303244798,0.8915342226185323,0.19935405453587846,11.070316870709167,0.23923157282303503,0.23624351056211962,0.882177050945032,0.3987724451853224,0.9029911619277327,0.15933342323706196,12.549038421983468
im_2.png,97.94205,112.449025,129.018775,0.25794581613808953,0.2513108468225701,0.8750063016203712,0.4173827956899576,0.869886584790927,0.17464389673739814,12.151688172650879,0.2922423893380066,0.28292025097204165,0.8594707592870945,0.38226833231585905,0.8789601145864294,0.1466146421315956,13.027894030199345,0.3399559911683972,0.32101181054139116,0.8413845261557993,0.3439287117900771,0.8908154752736697,0.11877663913774916,14.153028639554849
im_3.png,89.786675,100.466925,118.06928125,0.21045127307617412,0.2098202782959906,0.8951529603300232,0.4138981596390669,0.9179377583508502,0.17159610367423425,12.206186821826803,0.23827532097788334,0.23730517160696224,0.881444429133611,0.3738491479578722,0.9226082753039804,0.1401024304215142,13.108714216939713,0.2767414384959895,0.272205725780617,0.864350708381229,0.33640159706229633,0.9334198997195355,0.11352293600616606,14.29258448364874
im_4.png,104.6733,115.63754375,132.8576,0.2578341098674003,0.2537878020552634,0.873510729753582,0.3205697843699344,0.9515311952402086,0.10296304877077635,14.94394037529196,0.28559064877105034,0.2791552777620743,0.8610658982198605,0.3018644395088358,0.9522947040827355,0.09134413299572414,15.50096655522777,0.32005631246034894,0.30912688990647047,0.8465288327704124,0.2740990985593749,0.958534215536261,0.07539011209873592,16.542474518404422
im_1.png,107.0794125,115.85120625,122.11158125,0.20761190256342618,0.20482118516843492,0.8978684791552819,0.3561340712701415,0.953794625762048,0.12695443000282958,13.6193911583238,0.23178555725152478,0.2272053488985622,0.8868551246906891,0.341530324779473,0.9538210115464067,0.11678508216838077,14.206813078465892,0.2561435740039322,0.2501761334727798,0.8755086773167257,0.3187989365465015,0.9567870575234205,0.10177470375608877,14.97191884308809
im_2.png,98.00949375,106.96254375,113.24425625,0.18156097480543462,0.17855363659776005,0.9110239155218874,0.37596061265660563,0.9601157473316732,0.14142507291105036,13.481335336849853,0.19314434661214444,0.18914190630083985,0.9058292908807107,0.35396820022190756,0.9625933126445172,0.1253892362178732,13.914598507058752,0.21633713042003502,0.2128058554908574,0.8939501997474892,0.32753314042235737,0.9647168254776369,0.1073931580641538,14.775921833061215
im_3.png,113.7205,120.840325,128.90335625,0.20255935499777006,0.20188118714706563,0.8991272232115378,0.3246880464236327,0.9699283807807431,0.10552761759180616,14.96762923670239,0.2222857386260137,0.22096384052235857,0.8896502695491865,0.3125952722388071,0.969144602472958,0.09784594872408317,15.322607051068296,0.25098362683023356,0.24887691110608606,0.8757722160193718,0.29144095353385285,0.9699451747144934,0.0850749771257762,16.04980737411515
im_4.png,121.88078125,128.122225,136.4896,0.20670087263899103,0.20352731374174796,0.8985536990188507,0.29011675355523653,0.9792775665088128,0.0842459690085928,15.977795586801726,0.22317243217693356,0.21849829382353134,0.8912182669235749,0.2835412432867633,0.9785564423824653,0.08048808114253087,16.175137401806957,0.24500266172951182,0.2412107021940817,0.8797738448565022,0.26808917230837814,0.979262808129025,0.07197909575865005,16.729197932780504
im_1.png,80.41805,90.54483125,103.84426875,0.24524610005590428,0.23678390446668057,0.8824508838711994,0.3509423264663437,0.9386870935081795,0.12332133630056223,13.944248321273783,0.2641836695435331,0.2516719547929976,0.8754089308018826,0.3523569008729197,0.9349583453078001,0.12432311496760685,14.03032481233576,0.30646966727595937,0.28833695297140094,0.8576365369643847,0.3148691053199399,0.941302088699487,0.0993400533952833,15.225987182592469
im_2.png,68.90118125,79.1634125,91.67400625,0.19732820459670478,0.19685100124999214,0.9016222197096753,0.39842103886807356,0.9321981856969123,0.158878864082529,12.532495517044696,0.1987394826351593,0.1979671021224741,0.9010936869900315,0.40445576300043384,0.9324276168893887,0.16372731518051648,12.31207970955817,0.23655314665108887,0.2348108287636384,0.8827688174069257,0.3775476426534053,0.9359887283436403,0.1427017782944468,13.469532356325153
im_3.png,79.39983125,85.62295,100.19719375,0.2283337730290638,0.2256055316863587,0.8874700582910912,0.33359962306527186,0.957311772194706,0.1114258176384581,14.55245910809932,0.25095445380368214,0.24597206518803272,0.8775122062675484,0.3359861436781009,0.9527041110358399,0.11303203247794169,14.700784837062045,0.290638650196921,0.2812867695554676,0.8602918032864116,0.3013649315399056,0.9575340112643028,0.09098387079205367,15.762613500788527
im_4.png,84.63189375,91.317575,106.0283,0.21936570750183737,0.21814433483458023,0.891049969849436,0.31904838654329204,0.962377723807833,0.10191218316987068,14.767709347173213,0.24187002201619331,0.23949936322636162,0.8804873842658026,0.3103069268023926,0.9595500531278387,0.09643526281765258,15.137539925803502,0.2693749450380337,0.2646028016469747,0.8681758135156188,0.2844900662685904,0.9647702070545118,0.08106313565521822,16.029537921573784
im_1.png,74.079425,83.71123125,96.69224375,0.21481374174785334,0.21074260683035914,0.8950330314667241,0.3607772182231851,0.945257073102324,0.13033748981071858,13.499747864349267,0.22833819354149784,0.2230237168736377,0.8890166497204748,0.3670567212617868,0.941187465156494,0.13490186585610964,13.465463877081834,0.2750547342667446,0.26526117926394943,0.8683465500235182,0.32890896637430306,0.9447608899075597,0.10841068934473835,14.755540560979053
im_2.png,76.5151875,86.3658625,99.1366625,0.23506814106067175,0.23201360622734785,0.8842986503696589,0.38115536687533524,0.92763435535178,0.14543872467461855,13.138125557303859,0.26655651503445327,0.2601267972562985,0.8705786869225992,0.3632573139055052,0.9243516011444688,0.1321358933256638,13.576373230790947,0.30001895010081603,0.2873022978812948,0.857619851195326,0.342374225624588,0.9318625013775774,0.11739064290598243,14.404616713621326
im_3.png,74.3148375,81.9627125,96.19678125,0.23848602160162308,0.23599272696151402,0.8822529659832536,0.34693911148114276,0.9457090396723009,0.12056537753041176,14.057817495657362,0.2605685148020428,0.2551644108705348,0.8729582049578838,0.3529383241356024,0.941642092844253,0.1247499726099467,14.161776822802985,0.3074958189647048,0.2933877260507156,0.8547169462660409,0.31318613483462027,0.9482046281439066,0.0983011284615533,15.432171530679186
im_4.png,80.60479375,86.53305,101.7755375,0.22743452852054963,0.22589296314093513,0.8872076749674942,0.3284428635065672,0.9586919549383781,0.10800936613018862,14.486469275706753,0.23981352582584284,0.2370004703173975,0.8817810703921457,0.3347273395026758,0.9557417539882274,0.11217655689420479,14.4874333303035,0.27819749483357514,0.27160844231506087,0.8648546840943211,0.29556028931462713,0.9617255413069741,0.08749591609713851,15.739179240762338
im_1.png,86.10365,100.38780625,116.41211875,0.19193111616761205,0.1895986952029197,0.9054336727996836,0.36391177188139734,0.9571288112510806,0.13255042433855402,13.55423314931398,0.20048268383992568,0.19769177800390708,0.9014332015816485,0.35608849663306275,0.9601147905983045,0.12691715103283444,13.8520429176003,0.23066962126494173,0.22759622662546083,0.8865092261512176,0.317106433816905,0.9648078025538392,0.1007222307211447,14.994371909336108
im_2.png,95.92995,107.58586875,124.71521875,0.2153986469934234,0.21426211989874436,0.8929825927600957,0.37492195002428075,0.9330712544757208,0.14074077576846217,13.133666481736437,0.23584700708538264,0.23342312940873486,0.8835308230632972,0.3544603621156568,0.9353032790279012,0.12584032371056447,13.618690499222641,0.2701475885829863,0.26588109528206494,0.8674861016890598,0.31899947428709136,0.9448163758405671,0.1019480446445259,14.820893335869489
im_3.png,93.632025,105.5721,122.70215,0.21302127891784603,0.21226139047493425,0.8939452936068244,0.35234203536024555,0.9558859268850822,0.12430124090594258,14.00856595402746,0.23441697523884894,0.23297559767212517,0.8836563389206097,0.32964341033526073,0.9577419993977198,0.10883259310217658,14.546194885148228,0.26871037634813855,0.2648106756553037,0.8679846322416317,0.299118570320693,0.962841865623091,0.08965081725992846,15.675231236725086
im_4.png,98.637175,111.32915625,127.6211375,0.20646220030024934,0.20547619832789993,0.8973605010332851,0.3246096536005977,0.9686457405855597,0.10549337014830136,14.913743657634527,0.22831603209150692,0.22654189122555757,0.8869064684738159,0.30712791397678196,0.9687921036916446,0.09446475479620345,15.51546573762346,0.25689647442541186,0.2532549379400883,0.873736684678488,0.2755204303413942,0.9725004005002796,0.07605480158783208,16.490715587444473
im_1.png,43.278225,50.9009125,58.0260375,0.17713313672652817,0.17680345914912599,0.9116312381831775,0.4506743766206218,0.9021998883397472,0.20342727211112283,10.924220407620044,0.1920932500423992,0.19160339759172362,0.9042472864492057,0.4283043602622536,0.9083656765164566,0.18381831365954415,11.624660056419732,0.21477812246782374,0.21368240070728206,0.8932683718224137,0.40456309339966096,0.9148372807485252,0.16403421862862566,12.491023878025011
im_2.png,44.4177,52.7072875,60.54516875,0.1445527509249314,0.1445527509249314,0.9277236245375343,0.538209508606626,0.8611788475354284,0.28983686647523943,9.003061435087455,0.14851121773732576,0.14851121773732576,0.9257443911313372,0.521614894270959,0.8713040143058501,0.272254258181662,9.379520920748076,0.1681960501190319,0.16818662806766288,0.9159076281713056,0.48794718952934335,0.8813366376148248,0.23827609070493727,10.27487838170466
im_3.png,47.141875,53.09883125,61.5257875,0.1897182178503904,0.18933201581648357,0.905372612295149,0.4273976844257624,0.9081410723838409,0.18299502648168423,11.490146222285798,0.19415512465373969,0.19353343414928303,0.9032954519758043,0.42134286210167066,0.9128537974354608,0.1779033667519273,11.822434276989817,0.2155284671578696,0.2144044085778356,0.8929102015690857,0.3975372297026374,0.9180328295406028,0.15840024902014502,12.62185955310978
im_4.png,44.3142375,50.44943125,57.81264375,0.15935114650661744,0.1593385916231682,0.920331959676761,0.44290934086588873,0.9198433667728418,0.19632219801221668,10.92949468927762,0.16496222149986495,0.16493709602954754,0.917533964532258,0.42869392165850917,0.9240512032484094,0.18395066041596536,11.310500007583713,0.19397435082066072,0.19376710494908955,0.9031371721126124,0.3933611441718875,0.9311615944253665,0.15494878484970698,12.539230378577251
im_1.png,33.96884375,41.29161875,47.1410625,0.19230331075181692,0.19063315007443424,0.9048504410305213,0.5189073691107637,0.8356630355591355,0.2696304100152767,9.62723567082366,0.22021835996633188,0.21703207344803108,0.8918025919278146,0.471442822630089,0.8436158182873938,0.22269405207542206,10.613589343286446,0.23554582728751702,0.2317882111293271,0.8844816560511555,0.44727693142219155,0.853342992543421,0.2005010756818136,11.297832790906245
im_2.png,40.20674375,46.14101875,53.61974375,0.19032616001155772,0.1902194081695467,0.9049009710994278,0.5160304743664957,0.816605229760873,0.26653509389483276,9.465202202953748,0.19454234348402333,0.1943350819090332,0.9028531852029822,0.5190132496728312,0.8199505258382933,0.2696169308353961,9.67228581484877,0.21413999048372812,0.2136250125627352,0.8932389915107317,0.48196272652324235,0.8306652311625033,0.2325805453764895,10.42127581030065
im_3.png,40.24421875,46.1639,53.85991875,0.2206415474777169,0.21850991042769838,0.8909582084911529,0.45829747703673684,0.8525049933875792,0.2104116701414346,10.735429532199277,0.23378468885245696,0.2301870355713846,0.8852662475424152,0.45077685150684776,0.8570385840218219,0.20359318047600355,11.25712727517876,0.25305623080257034,0.24832533244137914,0.8763102019201032,0.4262129470015421,0.8617548931598015,0.18204566802933986,11.891287064021062
im_4.png,42.460025,48.29115625,55.91813125,0.21233082706766915,0.21129140991576684,0.8944582367573067,0.4541717270613312,0.8579231553182172,0.2065649143809857,10.834207182692321,0.2282182900861176,0.2266513950917394,0.8868309919535682,0.4361265207530123,0.8610972546167912,0.19051622814252533,11.294962783320559,0.25190980270224433,0.24870717677652776,0.8759666742043078,0.4124520237562589,0.8729531236747426,0.17043659640541203,12.164870422452697
im_1.png,36.152025,43.741325,50.3812625,0.1720404512220401,0.17186774502044588,0.9140833981099367,0.5214391605178287,0.8354676437715469,0.27221361102554775,9.249150924081079,0.18744505766295444,0.18714357557427408,0.9064583604217312,0.495291918447895,0.849066329936587,0.24565516537805124,10.01447221567971,0.20983162794203558,0.2091188262008405,0.8955118670736993,0.46375060007311814,0.8599039084073176,0.21542598187862258,10.886489767160217
im_2.png,41.4539875,49.2739875,56.6317,0.19341654182448603,0.1930522774668501,0.9035102877023387,0.4787211235688182,0.8558323290646105,0.2296648938741519,10.202331247478387,0.21242673177304172,0.21172029776823012,0.8942104945163662,0.46537880799825304,0.8589068434583721,0.2170688949297894,10.853201198102948,0.2280686875396512,0.22642046453853937,0.8869545900308418,0.44060877017593325,0.8690693039943186,0.1946601317320854,11.504081171371837
im_3.png,40.961925,46.9507,54.9379875,0.1902506579732539,0.18979853298660182,0.9051459460053641,0.4764833648014983,0.8601634953944894,0.22739895542125232,10.24228861450693,0.20059444114672642,0.19997274279056032,0.9000757984403364,0.46498003557286294,0.8664213198620578,0.21657924607521134,10.719090759486331,0.22024717966595692,0.219176457748381,0.8905188433175673,0.44092638884208946,0.8728483516391629,0.1947903829555201,11.445333130362384
im_4.png,46.09525625,51.960375,60.00920625,0.2027617877714336,0.20213076158441218,0.8989977218264961,0.4508092611439179,0.8758474294709955,0.2036086079036014,11.00300779958918,0.21419308374319257,0.21327317746119684,0.8934554018976012,0.43573485004023194,0.8797364304773487,0.19025874617817654,11.422123180484595,0.23327446121569592,0.2314348842029887,0.8844665155997764,0.42070280141532673,0.8878322225942751,0.17736069280563366,12.139931818415098
im_1.png,38.72615625,46.1638,52.6307875,0.21344149848304977,0.21101465286022078,0.8947353581321726,0.4670246454515194,0.8583010483939693,0.2185482804990203,10.596871500404497,0.23171688227460888,0.22761375949271678,0.886603432531831,0.44967870872656035,0.8650829621673742,0.20271338105369333,11.345537089803404,0.2513846607433371,0.24608222859781043,0.8774891289156479,0.42304997373463654,0.8711212138189139,0.17944362321369736,12.030386313537058
im_2.png,41.47739375,47.475975,55.07221875,0.17853622543200107,0.17851109996168368,0.9107469625661899,0.5265612892061111,0.8243450167546122,0.27748117667016037,9.317927715855317,0.18623274194257575,0.18615738908675195,0.9069288407422064,0.5147375121247488,0.8290497265281334,0.2651827351783675,9.63261158827509,0.20079226889278332,0.20059758575637088,0.8997206754354556,0.4897619825735251,0.8426292927908251,0.2401348371735112,10.32020078121176
im_3.png,43.7690875,49.65218125,57.5177625,0.2354327234125413,0.2313763654122775,0.8847172313985614,0.4343874424212894,0.872567546987619,0.18908906244991291,11.540966620162386,0.2474661434287473,0.24126558564330622,0.8799872629568909,0.42951034865465043,0.876954511613623,0.18492213942747188,11.958995503301113,0.2659249313760592,0.25768727897437826,0.8719790178305857,0.407911087863182,0.8806425073327414,0.16681597649128854,12.552975923159735
im_4.png,44.672425,50.595175,58.53781875,0.1960549949434991,0.19584147555605808,0.902100614160715,0.46719438266775226,0.8629399876632178,0.21851428961081734,10.548487821966946,0.20317764963787918,0.20285430053831321,0.8986051846408002,0.4573908565023971,0.8673712981689324,0.2094733591799854,10.85857001712406,0.22816943674976917,0.2271836624769945,0.8865067461887804,0.4298373273152331,0.8768271933693791,0.18507830371429404,11.736445441889082
im_1.png,75.32894375,65.31225625,56.4413625,0.27405911395028926,0.2652265610768777,0.8682675383172662,0.330266665291907,0.9447774362547017,0.109328659055535,15.031996083369558,0.3239955151035485,0.3028811062744581,0.85066889359622,0.30902004223251905,0.9514677729299513,0.09575111108327397,15.868260446631567,0.3659983684147714,0.3259490361241451,0.8410039312301385,0.3273857761243735,0.9536920653536696,0.10740187968754825,15.870130559232594
im_2.png,85.09021875,74.52515,65.49678125,0.31081749643532386,0.29206982054132824,0.8558349822385096,0.3173198800706264,0.9447355513702744,0.1009435927524406,15.66798360859125,0.37588023551987754,0.3369981854699407,0.8353800694242468,0.2946949889555581,0.9523865714341355,0.08708199665501372,16.648753283338824,0.442841969428584,0.37088727065156635,0.8217032314754866,0.3024073258873343,0.9548421274099489,0.09168391681590647,16.87213640048905
im_3.png,81.57633125,71.01960625,62.55224375,0.3074970987933494,0.2888945538972746,0.8574058871701961,0.3301762186960987,0.9386979336408094,0.10929111658649938,15.17003037760547,0.3695019425129239,0.33300260362686185,0.8371308690425024,0.3087483045365694,0.9465694001356705,0.09560485177274419,16.142103989798763,0.42507541566949947,0.3596743189427203,0.8266228742752088,0.3153771959834636,0.9499672260446225,0.0997111283598951,16.394751597377038
im_4.png,90.8011625,78.99858125,72.8683125,0.35151079060433044,0.3204443635718369,0.8428739701879051,0.28390400703083957,0.9557012027354461,0.0808404591492306,16.917808266560762,0.4241388716151282,0.3630968633990993,0.8245271131891924,0.27526687802393973,0.9576905604063988,0.07600784142579121,17.567517132260342,0.5215478074886466,0.4076156164220076,0.8073760580867476,0.2789919198053843,0.9580812706505825,0.0780693025921869,17.956073380983618
im_1.png,63.86865625,53.5175,44.02806875,0.2754858245237154,0.2656121349740266,0.868181301467956,0.3577842134319079,0.9278110058538445,0.12822526033478862,14.196907145351043,0.29853578573627065,0.28067340578890837,0.8614470964516926,0.36328610829115443,0.9335759128019154,0.13219557604614982,14.226723366848812,0.2945733773657202,0.2724060071858846,0.8659987046562354,0.4067585523020414,0.9349110827837422,0.16564978540237393,13.394267459904107
im_2.png,72.055475,60.6638375,50.72795625,0.3009139193535217,0.28504558309935246,0.8590604949505196,0.3395556125947148,0.9383802444317932,0.11564076741662306,14.944343323167406,0.3278994046833879,0.3011829581786548,0.8520707946702374,0.35650925876954076,0.9425540124101255,0.12739827591575847,14.842015465199736,0.33178713937098403,0.2952799252203191,0.8559674042443385,0.38381712559036696,0.9444675075409537,0.1476122019748427,14.030991564327852
im_3.png,70.1419625,59.255225,51.93580625,0.2907443577615719,0.2761848072562358,0.863357729319443,0.352072546035453,0.9306185057980304,0.12416790669635702,14.525452760236508,0.32200654754053054,0.2966806701905139,0.8541803264970309,0.3583271941268188,0.9353379856679409,0.12862537485724443,14.631941224712909,0.33538812570272813,0.3011246553099541,0.852820893482181,0.3801274008918992,0.9382154392371217,0.14472213815514084,14.145971566257021
im_4.png,73.59730625,62.17938125,55.678925,0.3341541824486029,0.31109521139942603,0.8467452216199571,0.2972339956888014,0.9522833787106859,0.08868270117955467,16.346329774347126,0.3524623392755072,0.31758906586642044,0.8446724518646365,0.31236367006223276,0.9549357341407589,0.09787114309160501,16.113744748579766,0.3687583777740091,0.3200239555656058,0.8447808973432824,0.33309954475271725,0.9575590526071227,0.11125660432364799,15.667627273397592
im_1.png,48.0430875,40.22604375,35.5887625,0.2645351159854523,0.257491174678551,0.8719560878687722,0.3972479576963469,0.8944801516591497,0.15810522662371007,12.739306987388462,0.265366981049114,0.25397260381530273,0.8741501951977608,0.43901540514505644,0.8880678673703412,0.1930188157435661,12.118080963083889,0.2877971675743243,0.2693570117335946,0.8671580615217184,0.4456166287976685,0.8938731729681186,0.19882322471855612,12.361768192704135
im_2.png,58.08803125,48.9588375,44.05198125,0.3290912902557145,0.306621236675649,0.8489236398799876,0.36722594788602286,0.8977999831102895,0.13519337602860315,13.968826438771808,0.3493797345808129,0.31300618008052716,0.847110569611395,0.3942026568886995,0.8991262722034677,0.1557259625176922,13.564931036378976,0.3807981184163417,0.3225291062870209,0.8444725219016261,0.4051886555677474,0.9071848053263394,0.1644770963402904,13.543839962066045
im_3.png,56.00455625,47.67505625,45.2135875,0.3330596423703369,0.2969292710158856,0.8550640989163755,0.37165489288576153,0.8969641460520659,0.13841811653599884,13.891001507374828,0.35569148827582764,0.3060816475713094,0.8517951189534254,0.40537685782199173,0.896664789620734,0.16462794814423803,13.414304513033677,0.4098416781301627,0.3338045379740078,0.8403822767199655,0.3998414547152297,0.9042777486808626,0.16015412048054525,13.817046594044939
im_4.png,60.79518125,51.58195625,49.03010625,0.3651511414815234,0.3329579470292272,0.8367219705781022,0.3307731483146985,0.9121792996065605,0.10974311105644309,15.023661742214788,0.3845828779341838,0.33759164515298273,0.8358715109059884,0.3494968842731809,0.9169336502290186,0.12246181839331798,14.74822333926864,0.4423176833060094,0.3607677872626428,0.8276327289066067,0.35519071563178417,0.9251741434424112,0.12645205223662934,15.111070494730598
im_1.png,63.7255375,64.696325,60.63611875,0.2636679888945422,0.2588521899988066,0.8710554848901706,0.3451117967688516,0.9313190646239533,0.11936755431680512,14.178191382057491,0.29345433602804005,0.2845764473841245,0.8585993434770032,0.33753919392386666,0.9273648988671238,0.11424568935997799,14.548046751621307,0.300510333634839,0.28977753358961317,0.8561838481237373,0.3516398809215176,0.9258635157299073,0.1239482469440668,14.404282145187663
im_2.png,74.4475375,75.47586875,71.494675,0.29399833386724955,0.28103079597489966,0.8607809124111325,0.33812205922964783,0.9335185710950779,0.11455347812946093,14.72084555548549,0.32891587914020637,0.3074763859837563,0.8484053129331142,0.3269890956824501,0.9322539964725199,0.10715559471049554,15.204453004063467,0.3488234605938405,0.3204950659857664,0.842582868373573,0.33446629882499507,0.9306545613619852,0.11211564079921557,15.251461450612371
im_3.png,73.11425,73.561,70.21266875,0.2915174331505455,0.2783465359828142,0.8621393292401132,0.34643818870743925,0.9228980108625362,0.12030148605144207,14.333540898239619,0.3259836072009599,0.30499380500122497,0.8495897929487368,0.3344455404603665,0.9211985640473954,0.1121794450832721,14.81628431458919,0.3388194679995731,0.31056745482126386,0.8475050507645064,0.3453126358773603,0.9189767249473306,0.119532612074991,14.78564414569697
im_4.png,81.01085625,79.49193125,75.96326875,0.34384168441153,0.3185415449651698,0.8432554140627772,0.29635153220726074,0.9493134137502266,0.08803559583513343,16.350127500572114,0.3759702161104516,0.3407547259439326,0.8331381422463865,0.2935087495365428,0.9445211017162147,0.08637187324514568,16.531871430465532,0.4063751601748733,0.3601654629996043,0.8245220008683213,0.29467041747465295,0.9398064090276392,0.0870767886275309,16.6282808172368
im_1.png,79.212925,81.54305,77.05978125,0.26749091557213833,0.2616137932550675,0.8697808156041732,0.3136514548812456,0.9554878010167316,0.09855727070204512,15.491467307736723,0.294994833575166,0.28417345839536184,0.8589954083203,0.30005309833590454,0.9579468391899466,0.09020653867144131,16.07600065299435,0.31895838044359015,0.3023741410229836,0.850469802117523,0.2990052712059881,0.9558212227771976,0.08958650066257873,16.24266578008436
im_2.png,84.10086875,86.7094375,82.29120625,0.2572589878518351,0.25422276320500503,0.8731922408621805,0.33412492661969967,0.9462974007405243,0.11192425591063497,14.641470296907741,0.2861718715648772,0.27902921856646634,0.861199656016608,0.31369760954891124,0.9526950663696647,0.09867593529950175,15.474288995086074,0.3068448141029265,0.29442622847846434,0.8540287443232142,0.31014892756157697,0.9538514212036238,0.09644284051551091,15.80516737008341
im_3.png,82.30336875,84.97100625,81.18525,0.27849039500380035,0.2699700496542108,0.8658667880125277,0.30225781960135967,0.9589993945757596,0.09153463676494988,15.972864109514926,0.3106792827934498,0.29502086199207284,0.8540551893887749,0.28839342129883694,0.9607855295759649,0.08334208118802013,16.60161916285852,0.33524810616767475,0.31258386410889377,0.8459727185888206,0.28375359998974814,0.9594820637885608,0.08068816027689119,16.855279975654458
im_4.png,90.700275,90.23626875,85.91954375,0.28747117637452013,0.28017806106745546,0.8606388922462936,0.3000178924061229,0.9575965807389383,0.09026622935032919,16.024922070947817,0.3131526969051702,0.3002216066481994,0.851181138092001,0.297136058136627,0.9558890873760998,0.08854487897812527,16.289896302282184,0.34004252093265736,0.3171341613746145,0.8437199284234613,0.3118219758338969,0.9473477658882657,0.09749474959092991,16.080175867042353
im_1.png,86.79280625,89.10390625,85.44570625,0.2905916184571705,0.28074761622100364,0.8606105921131149,0.3405809597237365,0.9367277056523424,0.11627043282926555,14.67501259195946,0.3314726627031238,0.3119425639600253,0.8459817278942972,0.3228350590326789,0.9439019211347421,0.10448127457805106,15.55886664781152,0.36398360013442127,0.331174172115753,0.8376931916580116,0.31532343427433107,0.9493803538878429,0.099654323479211,16.118849722114
im_2.png,86.86811875,89.55091875,85.86373125,0.2827892962355764,0.276627031237241,0.862302710881213,0.3260852656197626,0.9462820319504491,0.10665525233010845,15.152678558735396,0.32074307400707286,0.30731098972368265,0.8476877135664979,0.3061182317847735,0.9523567107724521,0.09402039900554743,16.02879081485217,0.35066560511554573,0.3260320208415775,0.8394469046159556,0.2966521679433351,0.9560877547869775,0.08827878578668229,16.593520852104334
im_3.png,78.56345625,81.10068125,77.490225,0.2649585900842333,0.2595212263113926,0.870783123221588,0.3040560955016983,0.9615170747799495,0.09267524914663464,15.767709743383351,0.3002755675215607,0.2884880473426675,0.8569347283465557,0.2922839138211504,0.9610326986900299,0.08566576166125257,16.342679890289304,0.33507170181091833,0.3120574226920685,0.8462724948705247,0.29677728615208154,0.9562654787430762,0.08831058132468142,16.457862849564396
im_4.png,91.51816875,91.521525,87.94551875,0.30559642370336865,0.2952792381957399,0.8533920994528931,0.29261798617957424,0.9557271573762802,0.0859606057301722,16.17864284208698,0.33769292042763543,0.3182546317234189,0.8428165130087127,0.28801963665373226,0.9548858321984156,0.08329884449082578,16.55057086105506,0.3832092252875296,0.34728764659141587,0.8299463404244429,0.29443547810405846,0.9474441537112609,0.08702651325620507,16.652896890602925
im_1.png,46.5678,41.02836875,38.3290375,0.1953085407754977,0.19366050621541325,0.9033345503483017,0.4049315081719508,0.9320444735060239,0.1641477124115494,12.438256352570141,0.17835490197925893,0.17664413226047576,0.9118490108416406,0.46406002397797325,0.9070183897459583,0.21553207191799909,10.936550034073411,0.18306917434563852,0.182089744254119,0.9090530708820926,0.4712340463012814,0.883773390439546,0.22225389899077855,10.620963809941827
im_2.png,54.70528125,48.05956875,45.43838125,0.21426385905239287,0.21328729483483144,0.8934540090043404,0.3569665423370874,0.9465443358928513,0.12760976072967725,13.713906687773697,0.19973560546102098,0.19898827190155843,0.9005805974051669,0.4063970620037149,0.9231114190482808,0.16538473169975543,12.283490997570162,0.2028214960961301,0.20232222159408553,0.8988888166531618,0.4168552701835319,0.9074498749833512,0.17402586782229384,11.88175191291114
im_3.png,54.3178625,48.30775,46.08654375,0.21311871078071118,0.21121935085206758,0.8945802605668308,0.37923387036912554,0.9451625098864704,0.14400797372198723,13.386632681611687,0.20391468568036633,0.20206874878298506,0.8991502192982459,0.41702225134482085,0.9236105608542892,0.17411511187618176,12.287552525920749,0.20512552920521854,0.20424330327698947,0.8979665709543283,0.4319860033569075,0.89379148831861,0.1868410157215953,11.56318937072849
im_4.png,48.7099625,43.6469375,43.29575,0.2161005348584494,0.21491049836370374,0.8926637544676229,0.3681914328742226,0.95254632246904,0.13576352550055693,13.77290728869945,0.19648152335726535,0.19547056865220702,0.9023658111444026,0.3923114932847088,0.9468176665506456,0.15410235946160628,13.049537530430573,0.2091511399111815,0.20846668284118824,0.8958351042864054,0.3803148986236551,0.9392572613240633,0.14488658116988995,13.127586741306821
im_1.png,49.611725,42.18110625,37.97314375,0.25313962773475046,0.24763356150401072,0.8767331613393281,0.36024431271378016,0.9336431311211706,0.12999997125583096,13.783821921561957,0.2388955628419419,0.23274003461033543,0.884244649290926,0.42086609537446484,0.904267499615081,0.17739321544899297,12.206385453258456,0.23549408452208215,0.23093623783770195,0.8849870012178466,0.4477135710444187,0.8603282172194351,0.20072971300320916,11.356371906825546
im_2.png,56.14908125,48.19733125,44.5264125,0.2522108607986131,0.24710991922161288,0.8769551345468934,0.3507005092466234,0.933513319663535,0.12327793253782834,13.85758264743437,0.24831389642653004,0.24210496086708005,0.879568413122405,0.4090735193082835,0.8979976190118786,0.1676566484778469,12.423674802819807,0.24825668887130103,0.24298315101663925,0.8790355565818201,0.4390414001033224,0.8466290160157737,0.19316872200089708,11.380189529051222
im_3.png,52.7504875,45.76750625,44.8855625,0.2621963822463427,0.2564016479167844,0.8723765956379002,0.3379965901584667,0.942303952145247,0.11446273163948381,14.397507063620695,0.24947581594964857,0.24341109273811096,0.8788984292790207,0.39088646597135424,0.9172416052239198,0.15305271369841522,12.892329541129866,0.25473777645869067,0.24863553777928527,0.8762869826705668,0.400537121956316,0.8852223013137854,0.16071581576877783,12.327028627934842
im_4.png,60.11043125,52.07874375,51.36404375,0.287083309778205,0.27681942167448703,0.86261446268258,0.34992825995855725,0.9221772488226394,0.12280673607405454,14.192946675841693,0.2818610278829906,0.2705234813223534,0.8658711272135818,0.3919826566803527,0.8922815901876899,0.15404568049789463,13.021584112276686,0.2830679023687038,0.2732119576824266,0.864377620923716,0.41594763472119,0.8495349198486815,0.1735064396338047,12.214766497865602
im_1.png,58.2176,83.50230625,121.04543125,0.21029305720441455,0.2097499073498282,0.8951793613105447,0.47200638352141444,0.8462215661654774,0.22338839104558927,10.51124709606335,0.23920065671698046,0.23818343634776168,0.8810100038630412,0.42583615905963407,0.8710732498310294,0.18218047178883195,11.806078848929591,0.3279878070803576,0.3185022667885252,0.8416974206349208,0.33386287218571614,0.9066545861135197,0.1124984723661267,14.457593908404737
im_2.png,68.2709875,95.0811875,133.2413375,0.1864473919761811,0.18580365387152092,0.9071625468747058,0.48956133745064156,0.8718577744931539,0.2398369851561999,10.502084199359189,0.20970910986740032,0.20794761025370445,0.8962023448345176,0.42597705116293777,0.8998737537491132,0.1816531913273728,11.709481607885698,0.2515084272397786,0.2475462033844008,0.8766231206933373,0.36051488809117144,0.924771335643545,0.13016569842415426,13.62853149513443
im_3.png,58.5066,82.7298625,117.1166375,0.2285770700246858,0.22788008947808117,0.8861296533156201,0.3942414564337997,0.9060322723414773,0.15608385063476138,12.402712937495815,0.2706197118736691,0.2691787111890001,0.8655547444739673,0.34362893640860775,0.9239743682513115,0.11900621085450576,13.93130809303352,0.3751183566686138,0.35608894573526545,0.8238584682257022,0.2703726334866665,0.9437153008942436,0.07411017222278507,16.45469591167675
im_4.png,65.5448,93.04453125,130.70511875,0.20311823967814274,0.202506018335312,0.8988082129666273,0.3712913916432782,0.9471929648100924,0.13801374093841712,13.263601885043123,0.23563552129069548,0.23410024513036987,0.883103405050848,0.33378852317016494,0.9540506550350906,0.11159731240793885,14.561965514159755,0.28899472600674625,0.2845709629650568,0.8581568948216407,0.27222767052784147,0.9669306808612842,0.07429348389602701,16.584134103595968
im_1.png,59.88526875,86.61991875,125.90973125,0.16344721452754696,0.16343779247617793,0.9182820459670481,0.4448891155647,0.9203381939618476,0.19828627047131342,11.13806863876248,0.18536895575404677,0.1853061420782533,0.9073532103284527,0.40373099650251854,0.9312513857737472,0.16346601987610332,12.298270489118513,0.25280266769681103,0.25134250098931543,0.8744747661760919,0.3133690253792861,0.9534060671514166,0.09877824658516757,15.016701786746943
im_2.png,66.67895,94.98386875,138.74474375,0.1557312611101689,0.1557312611101689,0.9221343694449157,0.43283753613369197,0.9384093494496503,0.18766013915579013,11.323848686788908,0.19147415845377858,0.19145218151896032,0.9042761069340017,0.371070466254896,0.9518741014884409,0.13819487238908618,13.240836379515775,0.2777787513897526,0.27480172863235786,0.8628968379595606,0.2793578103181883,0.9681734423942623,0.07864118323522129,16.29392151616571
im_3.png,68.873875,96.097625,135.45506875,0.1842376696754418,0.18401160325626104,0.9080168050137877,0.39372013527691285,0.9371027004143863,0.15540777406416362,12.453663319286033,0.215206382183529,0.21442139967713775,0.8928677984120702,0.35405210538094695,0.9497468620819135,0.1258473563226158,13.847046710270996,0.28225749210118023,0.2770233698280789,0.8620117273132707,0.2841465611784993,0.9626515500372291,0.08126199874379159,16.16800949333062
im_4.png,66.54705,94.01038125,132.87861875,0.16829109898807168,0.16819692558463828,0.9159109545480242,0.35411243613618265,0.9657217968699389,0.12566221185724571,13.588321018197743,0.20177210334734086,0.20145194989353088,0.8993060403986158,0.30808240322286184,0.9732373362445124,0.0953037942380891,15.252257494926372,0.27609431630454595,0.2715483021463434,0.8646804503426488,0.2448781071741351,0.9805107513728635,0.06039499277482547,17.668421845537736
im_1.png,52.00695,55.2153375,54.15069375,0.2870843501297103,0.27394186829856604,0.864340151166298,0.4123555401983854,0.8593389627677391,0.17057635979513366,12.389090791107545,0.31612348147938774,0.29654675928543167,0.8536804651774057,0.39856692386515524,0.8577450473829626,0.1594627824818276,12.83923166356181,0.3183165777853154,0.29792398445989654,0.8530687846557048,0.39442043008077415,0.8593775008433456,0.15609838766259826,12.946211574361353
im_2.png,49.71295625,53.337025,52.6404625,0.21785384121330897,0.2147305254049912,0.8929470688783363,0.4524888639872878,0.8635525958516886,0.20504987471991923,11.130141737512309,0.24994599986809124,0.24390352840120344,0.878652482946087,0.43088985335422303,0.853950174908255,0.18606009115672448,11.657141078966218,0.26416571660982024,0.256196317862325,0.8726978941622819,0.4190128421291096,0.8562036515385002,0.17601402273314745,11.991793949444471
im_3.png,48.59048125,49.9777,49.70901875,0.2780166346316921,0.26324276386454853,0.8698345285231998,0.4043757934106166,0.8667423000661532,0.16398027948018498,12.346052769445672,0.2977803492126306,0.2792304578802897,0.8622137903831395,0.39623748927447977,0.8628488554827766,0.1575206705911476,12.626654844576706,0.3092299278899001,0.2875418182046594,0.8583528390895563,0.3875472070535274,0.8648192166364821,0.15066025407705919,12.897284849929115
im_4.png,59.63709375,60.37993125,60.300975,0.27881784269571175,0.2654525372013995,0.8686080461039449,0.42787384332869083,0.8475591138556661,0.18358936900587955,11.98894216676218,0.3136009588507611,0.2933210454080063,0.8553632586460256,0.41278038349549245,0.8371042839747429,0.17097482387859897,12.384453601097803,0.3331167242982142,0.3060270781904637,0.849684506637018,0.4090169891752092,0.8305561682294454,0.167995456337172,12.573780741503017
im_1.png,48.16831875,51.6002625,50.57239375,0.23669743359024126,0.23428000216707184,0.8831017420587812,0.43423072154413594,0.8618841632814043,0.18900956501218893,11.482371560109748,0.2588124014610461,0.25438862271593776,0.8732480665165422,0.4168266575117101,0.8637316935879528,0.1742306236899373,12.014348488355205,0.2693759068724443,0.26396639311310865,0.8685577548193795,0.4038840081053314,0.8667966686391055,0.16357339768029183,12.285662499089057
im_2.png,54.810925,58.46365,57.93244375,0.19635199370606968,0.19627662514682698,0.9018692242825108,0.5019875495145697,0.8324342788397125,0.2522244813397605,9.99686720250288,0.21930150799932163,0.21909423857262206,0.8904736076563591,0.46674588066635925,0.8398455751289531,0.2181227101427144,10.708323032553968,0.23492857299891334,0.23432253880314824,0.8828993340180026,0.4532590623950163,0.8410244061176282,0.20572169790036213,11.112516793017495
im_3.png,54.2730875,55.55660625,55.6733,0.236152579914699,0.23429694615611718,0.8830370902977998,0.4149825632215456,0.8840834488946998,0.17264203951942608,12.035084340625668,0.25547583714926414,0.2519843703871207,0.8743569614826541,0.403249725745339,0.8822638665274527,0.1630757326848815,12.399497847003456,0.2699556064346329,0.26549716239219606,0.8676972632081457,0.3904141164138292,0.884084547008085,0.152860664823035,12.759266718192263
im_4.png,55.06725,56.06749375,56.0658625,0.20584461231399293,0.20521047685001978,0.8974581751213873,0.41019663039339627,0.910490825863113,0.16847336337880803,12.023285784856068,0.22736199050257225,0.22597757708808364,0.8871496527974073,0.40108153221917076,0.9028106662016255,0.16112005953388533,12.318550905956613,0.24556184084898966,0.24337378141468963,0.8785319152360852,0.38212040033877115,0.9056303288993485,0.1463060685280168,12.824288709885028
im_1.png,31.69341875,38.216675,41.18145,0.19995084044698214,0.1977345933756698,0.9013543280192964,0.5271340328699554,0.8166617538789844,0.2780854949392761,9.620596816997256,0.21217437390468655,0.20836666384005126,0.896197439086438,0.48133083587087644,0.8368454179314255,0.23191103130240956,10.174242367625725,0.23664788145174973,0.23112010524431387,0.8849925033032605,0.4450416243625992,0.8497353489917662,0.19831685232415616,11.067501508410293
im_2.png,36.291025,43.13215,46.6654125,0.21231456225149342,0.21028930801314066,0.895057871417265,0.4882999602106429,0.8485915503856611,0.2386843625584324,10.205870988204808,0.23711583548470178,0.23362429805717302,0.8835370047141665,0.4538644188465331,0.8552044720969251,0.2062882625597131,11.168154697467926,0.25933850918021867,0.2537532270525939,0.8736819146864655,0.4233614002036902,0.8629393644558682,0.17955587515745725,11.901494978510161
im_3.png,35.8727375,40.91115,45.0416625,0.21121902500612427,0.20954259081287174,0.8953963480128893,0.48284311089709075,0.8520513479368698,0.23335173380448668,10.370706651204852,0.22718050216393115,0.2238935410267523,0.8883819256003416,0.4486403603609109,0.8608427137756332,0.20150778600929442,10.965840820801969,0.2550220947104604,0.24972007870553575,0.8756701622477248,0.41359616372370644,0.868131132589886,0.17132433688258092,11.872658837456951
im_4.png,40.7845375,45.4760875,49.4072625,0.24773993646396697,0.24380600231782462,0.878490392255702,0.4095501706018466,0.9037240555083668,0.1680333940907282,12.52319373816269,0.26154392089245676,0.2547343531133599,0.8733137802212297,0.39271199241509736,0.9036220527762495,0.15455921925765603,12.775475937850867,0.28934760931149933,0.2782032933210219,0.8620125632432107,0.36501410272495105,0.9089565273579036,0.13362777664601405,13.62595117032784
im_1.png,26.5878,31.356225,34.52355625,0.5349294327611009,0.4257360310236745,0.797810651417053,0.4743714550203878,0.5582181942579381,0.22535501938643238,11.656298285580213,0.5225145688469296,0.4147419103837289,0.8032053387506659,0.48257352987674607,0.5641246383783678,0.2332350358662752,11.260005520903633,0.5532381745403612,0.43015176176657166,0.7969497524457825,0.4419631820138586,0.5935895490533418,0.195686596942778,11.83820350521948
im_2.png,28.76415,33.78855625,37.25483125,0.6451750774178555,0.47670302008153215,0.7780448142166932,0.4303693347872834,0.5905942788590253,0.18557733016281286,12.795667030613648,0.6464755050219537,0.4657491747853342,0.784828214565553,0.45789713903318524,0.5919791269495908,0.21000875078446685,12.11424629741876,0.6809960953448785,0.4851449150759102,0.7764762212090413,0.406832610455061,0.6239512407638798,0.1658202051702909,12.971772460797304
im_3.png,30.7545125,34.7144125,38.95905625,0.6528968253968255,0.48292816156933693,0.7751142594373212,0.445558297086446,0.5616874744060575,0.19887374697292143,12.542450749495133,0.6579892674983199,0.48820217445242176,0.7725404273343209,0.43147795492739643,0.5740297999061696,0.18653748749051252,12.372565038024156,0.7130903386285264,0.5204799750001572,0.7585478879302889,0.37847256583905625,0.5978305919007122,0.14357885762466333,13.291037205994765
im_4.png,35.01348125,38.7182875,43.12705,0.8841746950396046,0.5747355269439263,0.7422776519542246,0.38255788567247595,0.6129480443808912,0.14669867046506113,14.392995242306345,0.8989717401272611,0.5819690674053555,0.7396038573477706,0.3798985494736263,0.6206949913493807,0.1446444611598592,14.147692939402285,0.9437443821018711,0.6034304629053839,0.7308975899550337,0.3347033333571847,0.6453478428579507,0.11233155784959914,15.023910087495427
im_1.png,33.07895,38.989875,42.7136375,0.29388846097072263,0.2817121398420865,0.8603591240974691,0.452608858572124,0.7843813547332846,0.20515815436856377,11.259032515403362,0.32764589653959464,0.30780710783851856,0.8480792164742169,0.4262475290340581,0.7861132756928457,0.18196340218734985,11.690781020546346,0.3464191101186551,0.32174408452208225,0.8415898598909698,0.394892137346861,0.8130632727158766,0.15624790270997074,12.508485871812681
im_2.png,38.61585625,44.9423,49.45080625,0.3177665655366486,0.30571469400317836,0.8483476184564316,0.44485966497593316,0.7453101645605655,0.19823675130277152,11.091186133510924,0.3804960984855623,0.35698568554845755,0.8238577551288291,0.40925289757917693,0.7516599523745819,0.1678438370140933,12.173505081434591,0.3983936030552573,0.36741722727872317,0.8193872503756812,0.3872860527978025,0.775133821271337,0.15033225802528635,12.82442997412981
im_3.png,36.856975,41.2987,46.00064375,0.321613396743739,0.3047881491008222,0.8492857904242029,0.408415312955299,0.8238556095616185,0.16710487908894117,12.307007151260569,0.36469328474695517,0.3378391977751396,0.8337618209564525,0.38838425415665206,0.8195158884142895,0.15111855239520727,12.747011005420477,0.3901313669512127,0.3553811141261677,0.8257729292548048,0.3583856250372204,0.8368935137663818,0.1287460485597239,13.530865088447186
im_4.png,39.63845,43.81780625,48.6153875,0.31153337212077825,0.2959674209018788,0.8535686144352619,0.406651116257435,0.831770399366798,0.16565314075866608,12.185344258631382,0.3598218761188686,0.33414785397076663,0.835488599594963,0.3800311896743156,0.8264633118727589,0.1447174784631035,12.742840162035403,0.39017288286505736,0.3548987718356039,0.8260655965188121,0.35023531425056376,0.8435840096578906,0.12298077933950423,13.596916996804621
im_1.png,32.08259375,37.5473,39.818475,0.2389903015684575,0.2299814935207694,0.8859024217755858,0.4461130841879073,0.9074246137571559,0.19919436929833897,12.13756010882768,0.24139155061840073,0.22904631566384648,0.8867070357406408,0.4616761516455974,0.9105031449540815,0.21330405252581602,11.959562009657104,0.2781901103008148,0.26105515982939825,0.8711694134465064,0.4064883474188673,0.915794041619591,0.16541964239601886,13.203564956884643
im_2.png,35.98130625,41.9137875,44.796,0.21154054073152811,0.2092173769323058,0.8956226814452611,0.4637801240653062,0.8792985419758113,0.21531949786818125,11.047191185675207,0.22514645401096725,0.2212158960998989,0.8897848860458313,0.4293112852669317,0.8891732239983816,0.18456108450656986,11.556223121494554,0.24992347331360987,0.24399034475285963,0.8785976970889928,0.3968306592691478,0.8969940739419417,0.15776568783889813,12.443435329802943
im_3.png,36.65008125,40.7417625,44.10154375,0.25741110687118807,0.2437318900320979,0.8794893297808507,0.43400093007246204,0.9208482186285969,0.18852399744255,12.782597974356966,0.26245655256562456,0.2443548839203271,0.8796202383627644,0.4325866405389862,0.9225198680054061,0.18730210774285597,12.718735988485205,0.30128801405141936,0.27564142577622,0.8647090862678619,0.3853219481658599,0.9255514269460452,0.14865871372765635,13.848251129013992
im_4.png,37.6176125,41.62089375,44.8741125,0.21845284420324,0.215580531843393,0.892495133172951,0.4227204244540746,0.9049733104595964,0.1789534098969512,12.052422215396364,0.22324501730516763,0.21891310356090726,0.8909753099762527,0.41733771456574,0.9064381437805723,0.17443831405591004,12.096767209506293,0.25566837676899024,0.24859006067801082,0.8764100226602469,0.381228532714988,0.9128417269965641,0.14567753319672477,13.105826495151966
im_1.png,30.77079375,36.40371875,38.5910625,0.20828271728820802,0.20520968382736293,0.897702461432403,0.4968197753704409,0.8574710754608889,0.247034655630019,10.567529590454122,0.21185832296907686,0.20741974375160965,0.8967339860459421,0.4801178125045905,0.8683936297080654,0.23075782770819092,10.667445021397848,0.2374592614053932,0.23158304988662134,0.8847956528179141,0.4383163154288666,0.8791092123638652,0.19236631876660662,11.664949339659502
im_2.png,36.327375,42.0765,44.8267375,0.2602097937512956,0.2442867232303818,0.8794379569300264,0.45994429320627694,0.9064660062579966,0.21175239107687122,12.200151373127353,0.27348620219094105,0.25212350660485816,0.8760599800698456,0.4285462967214875,0.9127757570407785,0.1838465837822074,12.501041971102278,0.3078476344369696,0.2789156082562297,0.8633981102774689,0.3901345655921069,0.9157411917204272,0.15245755328517852,13.499867638208084
im_3.png,35.085325,39.25691875,42.47871875,0.23153040810045164,0.2250298836062587,0.8881272797065416,0.4547120840371716,0.8860577822824665,0.20697046941743197,11.62456539167706,0.23809318094735582,0.228538584870698,0.8866738893014414,0.4416919795376312,0.8903256048461288,0.19532570012502362,11.726162038136646,0.26661928159999015,0.2536687426586518,0.8744391937468685,0.40327135582656576,0.8965520036675104,0.162863082563569,12.64963752074149
im_4.png,38.99984375,42.8889875,45.98358125,0.27668898515084706,0.25852817742979006,0.872538338460251,0.3988775455267163,0.9274337303476414,0.15933998704903568,13.535433561228231,0.28342789932224055,0.26081313088485636,0.8718363825749065,0.4009363239140141,0.9274873622138561,0.16095668463358564,13.50451001950072,0.3206924147775454,0.288675247799951,0.8588201014312178,0.35963729141191414,0.931541709449971,0.1296070732130875,14.551427260531957
im_1.png,81.573925,36.608925,41.05904375,0.1521313936470248,0.15207801772601928,0.9239663287290907,0.49578896012610596,0.897056634244798,0.24592130994905192,10.087092219682777,0.13906565442428126,0.13892124578363205,0.930553817972249,0.5683204349341621,0.8396270772809519,0.32313097220878895,8.288048705384957,0.18873808110501822,0.18837389526447698,0.9058494709518157,0.48899277628660165,0.845012884911126,0.23935210525757336,9.887353960362546
im_2.png,92.11048125,44.6776625,50.05118125,0.18236661908530727,0.18212484924717812,0.908961752360224,0.4370759832328734,0.9077296751204352,0.19123086579247103,11.394538830286132,0.19461759034176923,0.19421566133378562,0.9029323622339056,0.4768102242250385,0.8534050196742069,0.22762828183489836,10.264116347364343,0.24297711697790847,0.24145436429419415,0.8794250931212744,0.42260024977981525,0.8632741909780665,0.17898878309248695,11.672696222176286
im_3.png,85.2422625,40.84648125,47.05388125,0.16308116390600563,0.16295872434846517,0.9185328817815214,0.420412864759367,0.9362216457043733,0.17685577865928787,11.838062054046407,0.16686580172235094,0.16645139634801287,0.9168157423634273,0.47561417551129875,0.8864766813726361,0.22637604673475034,10.087389720024792,0.21670071560480147,0.2158217795428421,0.8921770038347749,0.4179572702243132,0.8884565291900993,0.17493961035593775,11.527483703105776
im_4.png,97.67310625,48.48996875,54.8432,0.19903796144496586,0.19845089697929036,0.9008332579569225,0.3734217538917507,0.9476319544402709,0.13965594164920753,13.16772462428279,0.1995215403797715,0.1987554412346656,0.9006988892971778,0.43089418629292514,0.9048738300342904,0.1859347385539726,11.449851252358632,0.25046787159000256,0.24744460226380485,0.8765800258007173,0.3780621298792653,0.9097970051436279,0.14332110679868454,12.844866515502689
im_1.png,75.21669375,33.06224375,36.800175,0.221778341530518,0.21936132624795074,0.8905610384042815,0.44003534799930194,0.869634463480116,0.1938589555402416,11.356836527436197,0.23656861059289833,0.23201081101877502,0.8844494876667195,0.492008888042995,0.8014714295287618,0.2423464970913976,10.31921238539666,0.2612900633475921,0.25386304498715456,0.8738100708658351,0.4577932471903746,0.8219103078966414,0.2098661355530614,10.983754330958163
im_2.png,91.5388,45.70663125,51.654875,0.30906943894824784,0.2970970973800417,0.8526486854668003,0.36303409574088197,0.8937331039048307,0.13220052860906403,13.682036350567438,0.3272717704348591,0.3116172676365099,0.8457565947662539,0.3825368994799224,0.8528503356879945,0.14677280430511033,12.79463308600289,0.39749073498282056,0.3642972327435129,0.8211671889439065,0.34501444963212424,0.8618783381322623,0.11954889105949154,14.067620863911834
im_3.png,84.546075,40.84824375,46.6753375,0.2610589953894762,0.2561682283716811,0.8724040160474306,0.3630103050523825,0.9147115070521907,0.13199981457139032,13.502679502838811,0.28782669392780197,0.27864810836615345,0.8615915288410984,0.4032621517622464,0.8574555771955326,0.16290982576754462,12.316872419667106,0.3313848766653477,0.3142302026997318,0.8445952335510024,0.3659804798580983,0.869602212551182,0.13425543950514585,13.222391973905085
im_4.png,92.37535625,45.34233125,50.92724375,0.3068618915710329,0.29444382415939596,0.8540185650437463,0.3125905613489711,0.9390683182129465,0.09798879615616242,15.113070802949114,0.32173494120639945,0.3046520554205061,0.8493802661646376,0.3637331070754483,0.8960564099313871,0.13258736488513007,13.665342219377742,0.387589862814932,0.35178489770792903,0.8276765057717098,0.332163201496042,0.9022789998467727,0.11064982544894073,14.65914937398059
im_1.png,29.6442875,35.269575,37.085025,0.219304742903625,0.21570423160030405,0.8925079353301802,0.5007077133349678,0.8396892124221953,0.2509207486996832,10.466757173347439,0.22335185159012821,0.21750066346945054,0.8918347870773428,0.48685510337267196,0.8534236814738752,0.23725119429768968,10.572936620806969,0.24707349121550753,0.23990394611214763,0.8807643163682832,0.4469240695933117,0.8647384724183557,0.19997069342745907,11.480746529323849
im_2.png,37.7428875,43.5655,46.24838125,0.30913332045652997,0.2741158268478215,0.866385666663987,0.45881362646792634,0.9015293190170011,0.21070844296346494,12.530769091553534,0.3353165024089046,0.2907168610749933,0.8590321864727981,0.41250866834993394,0.9056048810269218,0.17037535217475427,13.089749602368721,0.3717811210356722,0.31325729737878544,0.8490718904602177,0.38145744960568756,0.9079164113342204,0.1457695937972198,13.930400863683282
im_3.png,34.90693125,39.12830625,42.1001,0.2575620638375387,0.2454713027870427,0.8784689333347515,0.45615655839913605,0.8691076006477582,0.20828540697278503,11.682420655428233,0.27482748223943326,0.257664454054937,0.8728763631171627,0.43592246558727976,0.871693299476703,0.19025689864541978,11.927251123800664,0.30151986325462776,0.2795613092882582,0.8623909628307105,0.39857860824975017,0.8787201410725216,0.15909875899091286,12.78280908519229
im_4.png,38.59683125,42.436775,45.1366875,0.3114210808977331,0.28148186098077277,0.8621977090742426,0.40924480895737425,0.9116723244605354,0.16769629349193002,13.466295201962106,0.32494047619047634,0.2896119292592385,0.8586667331571167,0.4005765119290814,0.9115924496446648,0.16066883393313874,13.570075832985477,0.3593368838763575,0.314207574073027,0.847312120856102,0.36211912822754166,0.9155191310963378,0.13138520499928769,14.50944461355115
im_1.png,32.53408125,38.03793125,39.9594375,0.26066154185589285,0.24831622053253433,0.8770671420834119,0.4579337590702037,0.8855644761548267,0.20989663936604355,11.993526025741374,0.26821857274765853,0.25119309080973107,0.8760991761929575,0.45354636703613344,0.8918566874525502,0.205879627472963,12.008614122166755,0.3017650956966351,0.2794291571660983,0.8625047970960527,0.4092225905689388,0.895844758871501,0.16766420331472992,13.03575913467597
im_2.png,35.31818125,41.260975,43.9166625,0.23094917352906075,0.22385819263069956,0.888778672711005,0.4875166383614611,0.8669264554336246,0.23788045416880363,10.823395281445942,0.263120041645467,0.25181974359457543,0.8752186066947556,0.4260712840112264,0.8738982628070273,0.18181173864700162,11.744471028736102,0.28954490706716673,0.27331409664512163,0.864959485843489,0.39718238366684866,0.8792445079358032,0.1580866391098153,12.530118103223158
im_3.png,36.062675,40.229775,43.25086875,0.286832113962852,0.26555098193478677,0.8693318976660199,0.4547743505465155,0.8997633691736973,0.20698596082849346,12.491029429155319,0.3002641393584211,0.27309446862770964,0.8661435152260559,0.43844239413427327,0.9025512477422634,0.19239639829155034,12.609484507291647,0.3385145350845787,0.3022873443006011,0.8524187450883896,0.392055492169918,0.9059803493509825,0.15389829304189057,13.666124983183398
im_4.png,38.8067875,42.78901875,45.80549375,0.2667370336869743,0.2576118554531693,0.8721059250108167,0.3965268259540922,0.8993843924473732,0.15746683032111491,12.822089805655189,0.2839252030452071,0.2702987025835265,0.8662101972367897,0.38620120394064794,0.8992851757014969,0.14938926581547296,13.069159296639388,0.3158146462647848,0.2960303248723311,0.8539546120742494,0.3547792602237292,0.9065483045519859,0.12613611079999162,13.972746494191389
im_1.png,16.2857625,20.647325,22.31774375,0.22092666267799826,0.21542144443188177,0.8928395779133449,0.5676630792322046,0.6428793863937922,0.32249672987057415,7.821673416506853,0.2367617469425443,0.22846615677665344,0.8865955944011954,0.5841299791034436,0.6628042833201337,0.34148793001248506,8.511580803662918,0.26707126525587155,0.25481811515003056,0.8738131553637153,0.5467921809111069,0.6855662531720418,0.29926447389702293,9.38471151806474
im_2.png,16.81875,21.22684375,23.237675,0.23549800645096453,0.2266938296555926,0.8875314490150772,0.5566194220555996,0.6706238818814269,0.3100916227206002,8.320714078465523,0.27591498718601004,0.26175941498483046,0.8705340767193305,0.5328401824831729,0.6906398199371448,0.2842371885496874,9.493981744908968,0.3173221666321192,0.2925211368019045,0.8562117194381125,0.494698104742561,0.710112368267118,0.24507182255587215,10.445277522639891
im_3.png,18.040225,21.65281875,24.0647375,0.2403944463288547,0.23068985119440202,0.8856157311313827,0.5438799339159891,0.6853995169325448,0.29607206416022136,8.652575905462005,0.27935365512779453,0.2656973260218216,0.8685057947141711,0.5256828502380424,0.6935835484640889,0.27668784199012236,9.637076300414622,0.31715961661672964,0.2951678185124465,0.854593628052087,0.4880863828535337,0.7152141686039892,0.2385663532572206,10.576902600551374
im_4.png,18.4419125,21.9324875,24.30576875,0.2612497016350401,0.24475330714003063,0.8792678885496951,0.5250232747321995,0.7174059269539137,0.27590612760818445,9.272835497383529,0.3125002826615412,0.28888198723626113,0.8579156783531656,0.48365070115191783,0.7243422869886158,0.2342394928518404,10.444985294889248,0.36253199964196203,0.32197649119666333,0.8430459114340388,0.4438311768784696,0.7475051047167918,0.19732336747456222,11.494912624824197
im_1.png,41.16320625,46.85799375,50.3725375,0.3203080421919461,0.2980702107712892,0.8531532088098858,0.393927153479667,0.857399748374168,0.15548302810716558,12.77600020498854,0.3539067279728143,0.32369603520078394,0.8411382919168017,0.3665771250292156,0.863241061332466,0.13469243387781182,13.321050571611817,0.3862830164383391,0.3449621312052061,0.8315817892067577,0.3439723177290167,0.8734059066017841,0.11862178852450467,14.089841745599847
im_2.png,45.322975,49.8443125,54.0694,0.33145372437987225,0.3125942479946735,0.8455810529428763,0.37668376980305124,0.8588754797296405,0.14220177619364793,13.046587684847102,0.3769333421272477,0.3468518178277773,0.8295740277643835,0.3502286648681924,0.8612090548819893,0.12296802430336783,13.75050356694133,0.41309693406448444,0.3714029041903003,0.8184530942640069,0.3283263220336526,0.871681236146463,0.10811493006468405,14.564579894319575
im_3.png,45.65614375,49.78553125,54.666725,0.34863970703701613,0.32106274458075,0.8421942395571727,0.3626671504424942,0.874946712680759,0.13182134668932904,13.613901409899224,0.38878039004152,0.3507854104245577,0.8283691670766572,0.343529180192688,0.875163857010036,0.11831344589759134,14.124839631962006,0.4314758269420419,0.37665267099452887,0.8170626065936057,0.3215213954807836,0.880688407007673,0.10366980940131218,14.923757976278788
im_4.png,47.53628125,51.3279375,55.954925,0.35532871574299163,0.32882114041369087,0.8382132775031774,0.34288173271200095,0.8907834227927419,0.11788354353343986,14.175795264342392,0.3958266318992972,0.3578708166091922,0.8248325562360501,0.329106006640476,0.8889462940578498,0.1086056250950336,14.58592554788568,0.44335408540147364,0.3888363845076351,0.8109819581995696,0.3040285213867821,0.8967190278804207,0.09273927984652808,15.502922748546418
im_1.png,15.75108125,20.12421875,21.8773125,0.17731369071174174,0.17535827742916188,0.9125152946912838,0.5933619264407749,0.6911242224080754,0.3522714490091366,7.22717602934674,0.19491651277316094,0.19181209602954752,0.9044041719642611,0.5958916132326167,0.7109710182366238,0.3553038710726514,8.067691745501334,0.2289718461253384,0.22313373895264482,0.8890153899279013,0.5445828130080679,0.735052303550394,0.29683829078194635,9.174086000169945
im_2.png,18.1858625,21.7098375,24.2331875,0.2042586926275589,0.20092828798185944,0.8998688964736405,0.5605497591063733,0.7180448713816856,0.314442695226698,8.266934544886249,0.2354376307309627,0.22912822469708105,0.8860668282548478,0.555023727720261,0.7221838414767171,0.30831028132298743,9.11282773806095,0.2715461115194,0.259675127668796,0.8713493128553361,0.5015868499430557,0.7554752447189196,0.2518972302915698,10.279514462720465
im_3.png,17.94388125,21.6782125,24.2349375,0.20061932321405018,0.19637583542188808,0.9022351014505526,0.5621479159993965,0.7276838213020368,0.31622782881052336,8.254557686589246,0.23787364322460286,0.23081150165514036,0.8852986306338007,0.5356488981599238,0.7392980257738557,0.2871878476390633,9.351271761500906,0.2736641258534809,0.26117211889372555,0.870653984329338,0.48327423510654954,0.7674078072609054,0.23386032289636566,10.465848733889446
im_4.png,18.52205,22.16315625,24.7477625,0.20941352833838986,0.20323011083473094,0.8990015133246283,0.5420223891605844,0.7589801697413541,0.2939998688548258,8.801387516433593,0.2536710275061087,0.24350709166399703,0.879260793361311,0.4982211234019788,0.769747119619042,0.24848245603299507,10.00675521984695,0.2916671652502183,0.27288503605504993,0.8654318072512759,0.44741706616644566,0.8006503204603004,0.20046042488006918,11.170149371868076
im_1.png,37.10605,48.08460625,37.98730625,0.49388909303333506,0.4065712291380078,0.8053517195568687,0.4055098157754756,0.6828832674566536,0.16488980829334124,12.692194127940551,0.5841932211481085,0.47011372416002417,0.776240307945463,0.3471024260546352,0.7141950005636879,0.12095249790418128,13.977112214771427,0.5755854980496353,0.4565759048309998,0.7834316977403143,0.3709077137266257,0.689724312833877,0.13798831936488118,13.625192053605309
im_2.png,39.0711,51.30808125,40.26409375,0.4232570893084842,0.3770815706245564,0.8160423183281621,0.4160146791104737,0.6923979853615089,0.17351600396015116,11.815540123767093,0.5033773539425004,0.4346467319614826,0.7895097050520113,0.38260785295108235,0.7062627202164143,0.14683292077854823,13.14863399837403,0.48995462889680325,0.41786782510788245,0.7982041676370062,0.3865041567737807,0.7002734092430423,0.14979149747286866,12.676999719113692
im_3.png,44.73086875,54.432425,47.04918125,0.5815682494142627,0.4701021311109854,0.776011559260042,0.3457423481934764,0.7215434107776688,0.12011937232038336,13.921675545776413,0.6795580115702792,0.5345961944334521,0.7470796679277789,0.31362449203729215,0.733096865200515,0.09899385489875347,15.143135815357226,0.6906279286876339,0.5283791441322605,0.7518368137022682,0.3200061923584145,0.7210894809481165,0.10291685244599043,14.855937865219477
im_4.png,38.9529375,48.48445625,40.8915875,0.4237240854328806,0.37313387243170587,0.8184624029578444,0.378191076210472,0.7974323566514829,0.1433678426640159,13.210248214873728,0.49709176606930877,0.4222551601434666,0.7963223779710052,0.3299897557349608,0.8147888410579186,0.10922322083483851,14.17861935666123,0.48365623881131403,0.40948996473012106,0.8026142940747287,0.35711017699868947,0.8028479890327442,0.12784871836524786,13.92401738414014
im_1.png,31.7355,42.383375,32.6403125,0.45576688824190803,0.39167199405154485,0.8105270076369921,0.43989032319076715,0.657664282967411,0.1939399888605861,11.95142718835476,0.5407989035872891,0.4483048394796515,0.7850455232558258,0.36903269596649774,0.6977290903106435,0.13656725951780171,13.169787288235524,0.5218770178893348,0.4335569460933034,0.7919664803608493,0.40636198151024994,0.6705656847604401,0.16555976054714486,12.809814171687444
im_2.png,38.768725,50.11406875,39.8970375,0.5819011736735322,0.4688575841232152,0.7768096035663572,0.38277210347488483,0.6638073291080044,0.1469328105499405,13.097486770954264,0.6993678706477974,0.5429739331097164,0.7440542000181204,0.3362941240503346,0.6837849593143793,0.11348879112242614,14.617007403159342,0.6736170313000545,0.5145379347491537,0.758481444171474,0.35731141380179543,0.6698672821525581,0.12807145182666457,13.990186113414868
im_3.png,37.92194375,47.404525,40.1025875,0.5836938642031142,0.46819197508181465,0.7773577475790123,0.38743763220778155,0.6759773848633955,0.15047110075428471,13.132937646995632,0.6768447355858319,0.5317209062757146,0.7485434788834632,0.3347709889361431,0.6946365526733664,0.11244135046386122,14.479490607842878,0.6788644779241336,0.515616516227913,0.7582946559458378,0.358875364635535,0.680818017865767,0.12914493557164955,13.99724010226566
im_4.png,43.33286875,52.7937875,45.0055375,0.688070214697144,0.5176677988831728,0.7579539140632305,0.3338397296949015,0.7219021416276336,0.11181952851487206,14.673625587938883,0.7885718761188691,0.5775265073711852,0.7320264321746232,0.29815913100193425,0.7334369837560982,0.08926510356459752,15.772263157448752,0.7996643001614313,0.5665128595297767,0.7395647894963087,0.31515130920957196,0.7249637677377484,0.0996723998678707,15.452358834981721
im_1.png,171.141975,154.1450375,110.46875625,0.2636011472917883,0.258173127053222,0.8714562384972453,0.3574424653105755,0.9345544390545358,0.12795993064899042,14.086293469855304,0.3378828022437045,0.3222208952833211,0.8404552996637253,0.31917700440624425,0.9246310883840014,0.10213740649750447,15.211921681577964,0.35791210482346214,0.3365979013950918,0.8338306960826803,0.34111463370385753,0.888571792944119,0.11663428716457629,14.491035946145947
im_2.png,185.9274125,169.07990625,122.89391875,0.3009381929133611,0.28656555235205805,0.8581536016530341,0.3612082158833278,0.9013606891124153,0.13114159598135325,13.860064056068259,0.39950881275871386,0.3628478150262875,0.8222386451348777,0.3105681487957143,0.9040858313555045,0.0971877881430519,15.479555991995602,0.49710806621817716,0.4143567565530367,0.8010218158539787,0.3133777565218804,0.8805552912104035,0.09894434784556519,15.777301818180097
im_3.png,176.82289375,161.87111875,123.725025,0.27639373339363443,0.26891267956859566,0.8662915439028795,0.30259335736109005,0.9566583260995914,0.09173942022888151,15.555668242381783,0.3572373563922337,0.33654087835503543,0.8337980404623672,0.276941351048969,0.9474759389139328,0.07691330205728708,16.478442258822913,0.40880483241311294,0.3720511609537629,0.8176350403912543,0.284136155030665,0.9231058042917344,0.080976034736196,16.27161620073441
im_4.png,186.70026875,170.45903125,131.2805,0.3374283021149364,0.3143842100552133,0.8451080930756423,0.28662095180196534,0.9490123621266993,0.08258788569685807,16.192351199648733,0.4485499423684525,0.39597451099553405,0.8072460698126113,0.2548502733656289,0.9420977717574401,0.06541951790227313,17.491716930068836,0.5603144884454243,0.45324282275236966,0.7838679822810637,0.2501738594752001,0.9218104786489885,0.06307725437751573,17.903540700494766
im_1.png,162.75721875,198.063475,217.73523125,0.3018061012493641,0.29713736487208,0.8518981912016885,0.3615083331434496,0.8999080581705554,0.13098976950628757,13.788731302617908,0.2907008632169396,0.2854204315613596,0.8578178273848783,0.36496630059330626,0.9180333431412692,0.13351555009393745,13.960940586729732,0.256426188434746,0.2533213319954021,0.8736498196462334,0.4007575985271677,0.9163983882101466,0.16088177002579035,13.011799126009684
im_2.png,176.83656875,210.7050375,226.24655,0.47140169895289596,0.41974553002179626,0.7952776622137597,0.2937691055779465,0.8863570746665799,0.08779809616465313,15.797249555534362,0.39702989067279726,0.36357069443659273,0.8215561401615126,0.314689454685972,0.8968660714748724,0.10044281570615562,15.008349363509433,0.30014412205325347,0.28068062936162463,0.8616028722750553,0.3991929776502071,0.8846744398699974,0.16031792217966245,12.585030641282026
im_3.png,168.19155625,196.47570625,216.17393125,0.35085902020087817,0.3380590299369979,0.832250484057889,0.28834216729522605,0.9340309620869933,0.08338602824570333,15.792622816730885,0.3471883028372936,0.3328098991212366,0.8350328908109871,0.28364200707853204,0.9422585374888539,0.08070874724847865,16.094698125338144,0.29389040034296265,0.28376605282002,0.8591294083422842,0.33333116210847197,0.9359680199689321,0.11133442008369152,14.380710278553893
im_4.png,179.52846875,204.940425,219.36716875,0.5173752873725668,0.4388620949303082,0.7883142984143224,0.2427251117738551,0.9433455883038209,0.059924824895023224,18.05719235602351,0.4603995381624487,0.3941130434168127,0.80952060189265,0.27049869028036494,0.9507730095898855,0.07404850114482724,17.18351372390083,0.37605171685479366,0.3196429945477729,0.8457621459284048,0.38454396993371975,0.9463378468404281,0.14829794439654823,14.60223750064396
im_1.png,160.68733125,194.28225,212.5793375,0.48924094383829264,0.42845422610410744,0.7918253915956611,0.28254390841104726,0.8974902101405131,0.08055550533907026,16.41474612772871,0.47478944070703066,0.41753365242680635,0.7969383473504467,0.2831273815902604,0.9120454321473039,0.08092191174439992,16.582438799109482,0.41038726594054054,0.3651122755196261,0.821949063635327,0.3179144723840679,0.9103489359998362,0.10176157751530215,15.335172242825088
im_2.png,166.12714375,202.56805625,221.0971625,0.3420852295211714,0.33126176578664707,0.8354514634801291,0.33795292251787884,0.8914330888088067,0.11455401707657839,14.295699897689898,0.3261093248472058,0.3167642280827382,0.8425523956350778,0.3394491101378628,0.9084280545267625,0.11552947014748356,14.469274548217458,0.2834289121927626,0.2771646534883575,0.8620440991262619,0.38389374463639,0.9026862187253228,0.14762685553339114,13.143399117739666
im_3.png,168.5341875,196.21755625,214.17770625,0.4964980472798537,0.4264445457314966,0.7937192198688552,0.2532918640885298,0.9329170619008628,0.06476494306537026,17.555186009117833,0.47737101604261295,0.41456629119791955,0.7989630161656963,0.25535532115938697,0.9432741991805828,0.06584712769152172,17.599048690981224,0.406898307799574,0.35653520549494033,0.8267371610907308,0.31473901369798074,0.9397648266461543,0.09959931367563137,15.755285094464634
im_4.png,174.85298125,203.6112,219.44275,0.38729578488828587,0.362338490336116,0.8213262625918326,0.2752598580397124,0.9448945143986069,0.07600851885403861,16.67827756251463,0.37121072182335535,0.3463631784662157,0.829303165102606,0.28165341317111114,0.9527491545144753,0.07955082880440355,16.56537609359335,0.30359624782507644,0.2843587351838242,0.8597443836722132,0.36739645009094013,0.9487200732908767,0.1351297940842917,14.331173808163076
im_1.png,41.68965,51.58779375,70.9430375,0.3296926409067782,0.3080411437428157,0.8481323141071899,0.4184995637251439,0.792533710420781,0.17551529204485364,11.798344612206627,0.3903729562000239,0.3579895462340062,0.8242286485440542,0.37996624094566184,0.8028636769996509,0.14475116633606258,13.058982648458032,0.41838936313214126,0.3731916099773243,0.8178902197356885,0.3633895800387956,0.8220294557166048,0.13240677051404884,13.787519633415094
im_2.png,50.594225,60.82015,81.61515625,0.7676785989095545,0.4861116646566288,0.7832981276637774,0.3671296932200237,0.8155969298432739,0.13547683113650147,15.09206098855844,0.8498868843474603,0.5200841978065465,0.7706798639848499,0.34551994730889246,0.8208727471375511,0.12003236644915949,15.742606030991046,1.0814941528319555,0.5861151822224739,0.7510366566366292,0.31275985008992124,0.8185937615563691,0.09856358520432207,17.032233865928536
im_3.png,45.182175,54.06884375,72.90825,0.3784785349966395,0.34638395016362966,0.8300042889909709,0.3712218442365933,0.8310551408916843,0.13815906829447153,13.156152492018688,0.4355769357604539,0.3893355098271997,0.8099310920937737,0.34047710259792235,0.8399207721486666,0.11625649168116339,14.265111389968261,0.47341484978109455,0.40971787237517354,0.8014514350523222,0.32249283752272007,0.8573205436876281,0.10431078879882787,15.13659548700222
im_4.png,51.05501875,60.02626875,78.85633125,0.7321953183397087,0.4634403639110305,0.7925204470341752,0.3314398871318622,0.8459090972009016,0.11037948228653124,15.744475401747028,0.8269093119704023,0.5118415438659305,0.7724653121434562,0.3007168993277093,0.8500743731965333,0.09099814557998656,16.765423814743656,1.0116830453326304,0.5717803594198532,0.752599221934751,0.27217027090645646,0.8552969271603243,0.07473534272593521,18.102398833028722
im_1.png,41.591075,51.04160625,69.69974375,0.37720277746370934,0.34504694144509135,0.830691226098011,0.39401866699295046,0.7987518701482027,0.15561650655836648,12.519816133608783,0.444568242347724,0.39637605919560814,0.806627863287513,0.35451429529389883,0.8107001073212853,0.12602161797252512,13.83165405556144,0.5050211839121614,0.42995289759486455,0.7924945615436314,0.33314597358147374,0.8215986582950472,0.11134114890454135,14.754685106438842
im_2.png,47.8036875,57.73679375,78.3998625,0.5245975802601742,0.42614199581032786,0.7966572505852184,0.3543669305278161,0.8228945285578009,0.125987154361556,14.340300181940371,0.6043625746697575,0.46974831345280516,0.7783887382951755,0.34044029142691984,0.8263709806486534,0.11625646458966335,15.199758996469827,0.7622659483922838,0.5274902403251233,0.7587892301922043,0.31225679266181616,0.8303792495397313,0.09789375804531815,16.392087050584504
im_3.png,45.29404375,53.7478375,71.81789375,0.46358905958505303,0.3920591539940078,0.8110305705288148,0.35681332738433647,0.8262593140631636,0.127642778295373,13.94422851714844,0.5451306445939409,0.44566710479205535,0.7869854414550668,0.3210246318725063,0.8344396699142514,0.10335730057825344,15.178577413212345,0.6180844105878731,0.47879251700680264,0.774221302388552,0.3021919624242186,0.8434904716034288,0.09163591497565349,16.145898929527952
im_4.png,48.5246875,57.12111875,75.52608125,0.4913950603325356,0.40819729461498355,0.8041297185394931,0.3290311022921964,0.8558872763766647,0.10855452843401928,14.91409983014266,0.5718795775466237,0.45842305089164015,0.7819992960859881,0.29698711213581236,0.8610757253074182,0.08848275064219324,15.970589565083216,0.667501809819034,0.5014820454959455,0.7654623657996804,0.2734394768687427,0.8734965544487747,0.07504942334581405,17.268231915718594
im_1.png,79.64393125,85.35695,91.4536875,1.3269589858103912,0.7166062399105537,0.696392406082421,0.21314488725445635,0.8784099636414583,0.04566668030525392,20.29923594009626,1.3856631671597546,0.7512246586076723,0.6817030281202868,0.19687469323467052,0.8829216021495772,0.039004223026621355,20.904574159598162,1.5307972939868486,0.7892315531937614,0.6715557847480822,0.1892762805452064,0.8849126284333847,0.03604736957882477,21.517587328239706
im_2.png,82.77068125,88.75949375,95.47281875,1.3643291617200906,0.727361154295513,0.6930453313240509,0.2088229778470999,0.8604274707377477,0.04379089988093435,20.383474467374935,1.4120956565913543,0.754090414790108,0.6820075359508772,0.20350514803350528,0.8654256745988937,0.041592733649799755,20.761549679988526,1.5526688784932252,0.7920917935502918,0.6713870007998706,0.19306843801263296,0.8693477043909178,0.0374310215538044,21.384018913005697
im_3.png,85.36213125,89.38740625,96.974775,1.52150433257329,0.774696735573269,0.6781688867560629,0.19347453862414618,0.8802191993698592,0.03765569081219274,21.250994455409405,1.5464792699166465,0.7937744659267214,0.6697019255689187,0.18770735707900377,0.8826519687746444,0.03546709292178575,21.54063644411012,1.7118007346059378,0.8357734012349173,0.6588617878891256,0.1840584407740799,0.885797206121188,0.03407819599978123,22.114292380476073
im_4.png,90.71160625,94.14303125,101.669475,1.6037845907060877,0.802374415832815,0.6691419029680294,0.18248138914600018,0.8857451617269146,0.03346809074034199,21.86810724327886,1.6248398800886934,0.8199479431661866,0.6613090395073686,0.17907890542936153,0.8883507846882515,0.032238470764973035,22.092399560675346,1.7812576789718675,0.8596654072524673,0.650940268920249,0.17088661466664304,0.891997572940957,0.02935385794258534,22.706982365852085
